stpl_fips,Absenteeism,Air pollution - particulate matter,Binge drinking,Breast cancer deaths,Cardiovascular disease deaths,Children in Poverty,Colorectal cancer deaths,Dental care,Diabetes,Frequent mental distress,Frequent physical distress,High blood pressure,High school graduation,"Housing cost, excessive",Housing with potential lead risk,Income Inequality,Life expectancy,Limited access to healthy foods,Neighborhood racial/ethnic segregation,Obesity,Opioid overdose deaths,Park access,Physical inactivity,Premature deaths (all causes),Preventive services,Racial/ethnic diversity,Smoking,Third-grade reading proficiency,Unemployment,Uninsured,Violent crime,Walkability,LERI_1,LERI_2,LERI_3,LERI_4,LERI_5,LERI_6,LERI_7,LERI_8,LERI_9,LERI_10
15003,16.1,8.227415864213578,17.7,18.3,146.5,11.3,12.1,72.3,10.3,9.6,9.4,31.5,85.1,41.0,13.0,14.1,81.4,57.4,11.9,22.8,4.3,86.5,21.6,5600.0,30.9,79.7,13.7,66.7,4.5,4.7,247.2,63.7,0.0,0.0,1.0,0.0,0.0,0.0,0.0,0.0,0.0,0.0
135896,10.4,11.4,17.8,11.9,81.9,8.0,4.1,74.5,8.3,10.4,9.9,30.7,94.1,24.6,5.4,19.2,80.1,81.4,12.4,29.2,12.0,9.4,20.4,3800.0,42.5,56.3,14.1,53.3,4.2,7.4,97.5,22.6,1.0,0.0,0.0,0.0,0.0,0.0,0.0,0.0,0.0,0.0
137000,25.4,10.4,14.1,21.2,171.2,28.7,13.9,61.2,12.2,13.3,13.2,36.8,89.9,28.3,11.4,-9.3,78.0,82.2,18.8,32.6,3.5,33.3,26.0,8300.0,43.0,61.6,18.5,36.2,7.3,13.0,934.5,23.4,0.0,0.0,0.0,0.0,1.0,0.0,0.0,0.0,0.0,0.0
150000,18.8,10.3,14.7,29.4,267.1,34.8,19.8,58.7,15.2,14.7,15.7,42.0,88.0,35.4,17.8,-24.6,75.5,71.2,25.0,39.0,5.1,38.8,29.5,11700.0,31.3,59.6,20.2,26.0,7.9,14.7,949.3,32.6,0.0,0.0,0.0,0.0,0.0,0.0,1.0,0.0,0.0,0.0
151000,14.1,10.7,15.1,34.6,233.3,33.5,18.0,60.6,13.7,14.5,14.5,40.3,82.8,33.4,15.4,-18.3,75.3,78.2,24.8,36.4,18.042437601252566,24.9,29.8,10500.0,32.3,60.1,21.0,23.5,7.9,13.4,633.1,26.9,0.0,0.0,0.0,0.0,0.0,0.0,1.0,0.0,0.0,0.0
177256,16.6,10.3,17.2,28.0,227.4,28.0,22.3,59.6,10.3,16.1,13.1,32.6,91.4,37.6,12.0,-20.5,75.4,78.3,28.1,31.8,4.3,32.8,27.0,10100.0,33.9,57.7,20.7,39.3,8.2,10.1,491.9,32.6,0.0,0.0,0.0,0.0,0.0,1.0,0.0,0.0,0.0,0.0
203000,25.8,7.658927104502949,19.4,17.8,135.2,11.5,13.5,65.2,7.6,11.4,10.6,26.8,80.5,31.5,7.6,17.4,78.3,72.0,7.2,27.6,13.2,74.1,17.5,7300.0,36.5,75.5,18.0,36.9,5.8,14.4,1190.7,32.0,0.0,1.0,0.0,0.0,0.0,0.0,0.0,0.0,0.0,0.0
404720,20.3,7.8,17.7,20.6,231.7,22.0,18.3,59.9,8.9,13.6,12.4,24.8,83.3,34.2,3.2,-7.5,78.1,68.3,7.3,29.9,9.2,23.3,24.7,6800.0,29.0,73.5,18.0,34.3,6.0,14.7,318.7,40.8,0.0,0.0,1.0,0.0,0.0,0.0,0.0,0.0,0.0,0.0
412000,14.3,8.1,18.6,31.1,218.7,11.9,18.8,70.7,7.3,11.2,10.0,24.0,52.9,25.9,3.3,13.3,80.1,60.6,7.4,25.3,7.4,62.1,18.4,5000.0,36.1,69.1,14.8,59.6,4.6,8.8,267.2,53.7,1.0,0.0,0.0,0.0,0.0,0.0,0.0,0.0,0.0,0.0
427400,13.3,7.8,20.3,27.6,212.4,6.2,17.6,73.6,6.3,10.9,9.1,22.1,89.6,24.9,2.0,21.1,80.2,71.0,3.9,24.5,12.0,30.0,16.3,4800.0,37.9,58.1,14.7,60.0,4.7,6.9,91.3,37.3,1.0,0.0,0.0,0.0,0.0,0.0,0.0,0.0,0.0,0.0
427820,15.1,7.5,16.4,30.2,255.6,29.9,22.7,59.9,10.0,14.0,13.8,28.2,88.3,34.9,6.5,-13.3,77.9,64.0,15.9,29.8,15.4,74.0,25.7,9300.0,31.1,70.2,18.9,37.3,6.3,15.5,507.2,40.8,0.0,0.0,0.0,1.0,0.0,0.0,0.0,0.0,0.0,0.0
446000,15.8,7.5,16.6,21.6,193.6,23.2,13.7,64.1,9.6,12.9,13.0,29.4,74.2,33.3,5.6,-9.0,78.3,60.8,13.9,28.0,13.5,65.4,23.4,7700.0,33.7,60.7,17.4,45.3,6.0,16.3,435.1,37.3,0.0,0.0,1.0,0.0,0.0,0.0,0.0,0.0,0.0,0.0
454050,10.8,6.8,17.2,28.6,201.1,10.3,14.2,69.7,8.9,11.5,11.7,28.8,85.5,29.3,2.8,6.1,79.4,71.7,9.2,26.2,12.1,37.2,20.6,6300.0,35.7,54.7,15.5,52.2,6.1,9.3,260.9,39.9,1.0,0.0,0.0,0.0,0.0,0.0,0.0,0.0,0.0,0.0
455000,18.6,7.7,16.5,19.7,175.2,30.5,14.5,59.3,9.8,13.9,13.6,27.5,77.1,34.3,10.7,-8.6,77.9,60.3,21.2,30.1,11.3,48.5,25.6,6800.0,32.0,71.6,18.6,37.3,6.9,18.0,804.4,53.7,0.0,0.0,0.0,0.0,1.0,0.0,0.0,0.0,0.0,0.0
465000,17.3,6.9,16.5,25.6,153.5,13.1,14.6,76.0,8.4,9.5,10.0,29.7,91.4,30.0,6.2,16.8,81.7,67.7,9.9,23.7,12.0,39.4,16.7,5400.0,39.3,43.1,11.9,66.0,4.1,7.8,168.9,40.8,0.0,1.0,0.0,0.0,0.0,0.0,0.0,0.0,0.0,0.0
471510,17.3,6.3,16.2,20.0,167.9,12.6,10.5,69.1,9.6,11.2,11.8,31.0,90.4,27.8,1.4,0.6,79.3,78.4,8.6,26.7,9.9,15.9,20.9,6300.0,37.6,51.6,15.6,48.8,6.7,8.4,94.1,21.4,1.0,0.0,0.0,0.0,0.0,0.0,0.0,0.0,0.0,0.0
473000,19.0,8.0,19.3,25.4,194.9,23.1,17.6,65.8,6.6,12.9,9.9,21.6,62.7,35.4,7.2,-11.6,79.4,48.9,10.7,24.7,8.4,63.9,19.0,6000.0,35.0,74.9,15.8,45.7,5.5,13.0,505.4,53.7,0.0,0.0,0.0,1.0,0.0,0.0,0.0,0.0,0.0,0.0
477000,29.4,6.5,15.6,29.9,276.0,32.4,19.0,59.6,10.0,14.1,14.4,26.8,67.1,38.7,14.4,-25.8,77.3,60.4,15.6,29.0,26.5,61.5,25.5,10900.0,32.3,67.6,18.8,37.7,9.4,15.3,809.0,42.4,0.0,0.0,0.0,0.0,0.0,0.0,1.0,0.0,0.0,0.0
485540,17.5,6.2,15.7,18.9,273.9,22.9,14.2,55.8,11.5,13.9,15.3,30.6,89.2,30.8,9.8,-17.2,78.1,71.7,9.0,35.2,10.139687879062215,38.7,27.4,8600.0,28.9,58.0,17.6,41.0,10.1,15.0,524.0,34.1,0.0,0.0,0.0,1.0,0.0,0.0,0.0,0.0,0.0,0.0
523290,9.5,8.9,18.5,22.6,389.6,20.8,20.8,59.5,6.6,14.8,10.8,24.9,89.6,34.7,8.0,-19.1,78.1,78.5,13.2,29.8,4.3,52.2,24.6,8200.0,33.9,57.0,20.5,55.7,5.2,10.8,639.3,32.1,0.0,0.0,0.0,0.0,1.0,0.0,0.0,0.0,0.0,0.0
524550,15.9,9.5,13.7,17.1,277.2,36.8,13.0,54.7,12.7,16.9,17.4,37.9,86.3,31.1,17.0,-26.3,75.2,69.4,14.1,35.0,9.3,23.7,35.1,9800.0,27.1,67.6,25.4,38.2,5.6,17.2,897.3,34.7,0.0,0.0,0.0,0.0,0.0,0.0,0.0,1.0,0.0,0.0
535710,19.4,9.8,14.4,18.5,276.0,27.2,17.1,58.1,9.8,15.4,13.8,33.9,93.3,29.7,8.2,-18.2,76.0,79.3,12.9,35.2,10.977473593411183,24.8,29.3,8100.0,34.3,49.2,21.6,35.1,6.4,12.2,550.7,23.3,0.0,0.0,0.0,0.0,1.0,0.0,0.0,0.0,0.0,0.0
541000,18.0,10.1,15.4,27.3,247.6,25.3,15.6,65.9,11.4,14.2,13.9,37.2,80.0,32.5,14.3,-9.4,76.8,75.7,24.5,34.2,6.6,41.4,28.9,9500.0,37.0,67.8,19.9,32.5,5.0,12.5,1647.4,32.3,0.0,0.0,0.0,0.0,1.0,0.0,0.0,0.0,0.0,0.0
566080,8.8,9.0,15.8,18.4,409.3,27.8,12.4,50.7,10.3,16.2,15.2,31.8,84.6,24.6,6.1,-11.6,77.7,79.6,10.7,35.7,6.3,14.9,34.0,8800.0,30.0,66.4,24.5,34.1,5.1,19.4,478.26515542907237,26.6,0.0,0.0,0.0,1.0,0.0,0.0,0.0,0.0,0.0,0.0
600562,10.7,9.3,17.4,21.1,166.6,10.2,11.1,71.8,8.7,9.7,9.3,25.8,93.4,36.2,31.5,19.9,80.8,33.6,3.6,18.5,9.40629763457909,90.9,16.2,3700.0,36.4,83.9,11.7,56.8,5.0,6.9,326.8,65.2,0.0,0.0,0.0,0.0,0.0,0.0,1.0,0.0,0.0,0.0
600884,10.2,11.8,12.4,21.9,174.4,16.4,16.3,61.1,11.4,10.1,10.6,27.7,94.8,44.8,31.3,-7.6,83.0,45.3,8.1,18.3,2.75641180291413,63.0,22.8,4000.0,29.1,69.9,11.1,49.4,5.6,11.7,202.7,68.7,0.0,0.0,0.0,0.0,0.0,0.0,0.0,1.0,0.0,0.0
602000,12.9,12.2,16.3,20.3,216.0,23.4,14.9,60.4,10.0,12.3,12.5,25.2,83.6,47.9,16.3,3.1,80.7,43.1,10.6,24.1,7.8,65.3,21.7,5400.0,33.5,72.7,14.2,34.5,6.7,16.3,361.3,60.6,0.0,0.0,0.0,0.0,1.0,0.0,0.0,0.0,0.0,0.0
602252,18.6,10.4,16.1,23.8,207.5,22.4,15.5,67.5,9.8,12.8,12.1,27.5,80.6,42.3,10.1,5.0,77.9,54.5,5.6,30.0,7.0,70.5,21.6,7900.0,32.1,90.9,15.7,25.0,9.6,9.2,558.5,39.3,0.0,0.0,1.0,0.0,0.0,0.0,0.0,0.0,0.0,0.0
602364,14.3,7.9,16.2,29.6,285.6,28.9,21.2,60.1,11.9,14.0,14.7,34.2,88.0,39.8,6.0,-8.8,76.6,93.6,3.9,28.1,16.94854571032822,9.1,23.2,10200.0,29.7,67.5,16.8,37.7,11.9,8.0,323.3,12.4,0.0,0.0,0.0,1.0,0.0,0.0,0.0,0.0,0.0,0.0
603526,14.6,13.1,18.8,35.7,357.4,25.5,21.8,60.9,9.9,14.0,13.1,25.4,85.0,38.0,9.9,-3.7,77.4,57.7,14.9,29.3,14.8,45.6,24.0,12600.0,30.1,70.2,17.2,37.8,9.2,11.2,497.1,48.2,0.0,0.0,0.0,0.0,1.0,0.0,0.0,0.0,0.0,0.0
603666,20.5,11.8,16.2,14.4,187.6,22.5,12.6,54.3,11.1,12.9,13.2,25.8,93.1,45.6,22.6,-6.0,81.3,47.2,5.1,26.3,7.516145324382215,34.7,25.7,5000.0,25.5,47.3,13.5,28.0,6.6,17.2,454.8,50.3,0.0,0.0,0.0,0.0,0.0,0.0,1.0,0.0,0.0,0.0
604982,13.6,12.6,16.7,22.2,233.2,19.9,17.2,58.6,10.1,13.0,12.6,27.1,86.4,48.4,24.0,-7.8,78.5,35.3,4.8,26.7,5.38102134837208,65.9,22.3,6400.0,29.5,77.0,14.4,34.3,7.2,15.2,467.3,61.5,0.0,0.0,0.0,0.0,0.0,0.0,1.0,0.0,0.0,0.0
606000,14.0,9.8,19.6,15.6,120.7,7.9,10.6,70.0,6.5,10.9,8.2,20.9,86.4,42.3,43.0,11.0,83.0,29.3,8.5,18.5,3.8,94.7,14.2,3400.0,37.4,79.0,11.2,61.6,6.8,5.7,561.6,81.3,0.0,0.0,0.0,0.0,0.0,0.0,0.0,0.0,1.0,0.0
608786,10.4,12.3,15.2,12.4,201.0,22.5,16.3,62.8,10.3,11.4,11.8,25.7,91.8,44.4,22.8,5.5,80.6,47.0,6.4,21.8,7.0,52.6,20.9,5500.0,34.4,79.3,13.4,46.5,5.1,13.8,352.8,54.5,0.0,0.0,0.0,0.0,0.0,1.0,0.0,0.0,0.0,0.0
608954,9.7,10.6,18.4,19.3,215.0,10.9,14.6,69.1,8.3,11.1,10.7,25.4,88.7,45.5,27.8,5.4,81.5,32.4,5.7,22.5,5.5,70.6,16.6,4100.0,34.8,72.3,12.3,58.3,7.5,11.4,241.9,69.1,0.0,0.0,0.0,0.0,0.0,0.0,1.0,0.0,0.0,0.0
611194,10.2,8.9,21.3,22.7,143.1,7.4,10.6,78.3,7.4,9.8,8.9,26.0,94.5,36.1,6.1,29.0,84.2,68.5,5.2,18.5,8.4,49.3,13.4,2800.0,35.3,56.1,10.5,73.5,5.2,6.6,220.5,42.8,1.0,0.0,0.0,0.0,0.0,0.0,0.0,0.0,0.0,0.0
611530,10.6,11.8,14.6,24.1,213.7,16.1,15.4,62.7,11.8,10.9,11.3,30.4,90.6,36.8,19.0,8.4,79.9,49.4,20.1,24.1,5.190419128195892,54.1,21.3,5700.0,30.1,83.1,11.9,36.8,9.1,12.2,512.0,67.4,0.0,0.0,0.0,1.0,0.0,0.0,0.0,0.0,0.0,0.0
613014,11.2,9.4,19.9,34.0,230.1,19.5,19.8,64.8,7.1,13.9,11.0,24.0,88.4,45.4,13.5,-18.2,79.0,62.9,4.8,23.7,9.1,49.1,17.8,8300.0,33.1,53.7,15.6,44.6,8.2,9.9,462.1,45.1,0.0,0.0,0.0,0.0,0.0,0.0,1.0,0.0,0.0,0.0
613210,11.8,12.8,19.3,28.2,246.3,15.8,16.3,63.1,8.9,12.2,11.2,25.7,90.4,41.9,8.8,8.6,80.0,55.8,7.1,25.5,0.0,56.2,20.2,4600.0,28.4,78.9,14.2,44.8,7.8,12.4,271.3,42.7,0.0,1.0,0.0,0.0,0.0,0.0,0.0,0.0,0.0,0.0
613214,7.4,12.8,17.6,15.4,145.0,6.5,16.6,71.9,8.1,9.7,8.7,24.7,94.1,37.2,4.9,27.5,82.1,70.9,5.0,20.2,2.7090134777948123,72.4,16.0,3500.0,32.7,82.9,10.6,66.7,6.5,6.3,90.6,23.4,1.0,0.0,0.0,0.0,0.0,0.0,0.0,0.0,0.0,0.0
613392,8.5,8.6,19.1,17.6,175.9,16.0,17.2,66.0,9.8,11.8,11.1,25.5,86.4,46.0,11.1,4.6,81.4,54.1,8.3,21.9,3.7,64.4,20.6,4500.0,27.5,72.8,12.5,58.8,9.2,11.0,310.1,50.9,0.0,0.0,1.0,0.0,0.0,0.0,0.0,0.0,0.0,0.0
613588,19.6,10.0,19.6,18.7,213.6,17.1,16.7,65.9,9.0,13.2,12.7,30.5,82.9,39.8,11.1,-7.3,78.0,55.1,3.7,27.9,3.6,63.0,19.8,7000.0,30.5,59.6,16.4,29.6,8.1,11.4,406.0,42.2,0.0,0.0,1.0,0.0,0.0,0.0,0.0,0.0,0.0,0.0
614218,6.7,14.5,17.7,31.5,249.7,16.7,15.9,68.7,8.9,11.9,11.2,27.0,91.7,34.5,5.9,5.1,79.2,67.0,4.3,29.1,10.0,69.5,18.6,6600.0,35.0,71.8,14.2,63.2,7.0,7.7,237.9,38.8,0.0,1.0,0.0,0.0,0.0,0.0,0.0,0.0,0.0,0.0
616000,15.4,10.0,16.5,29.6,176.8,12.8,15.4,70.7,9.0,11.7,11.2,26.2,85.9,40.4,16.1,9.9,80.4,55.3,10.2,27.3,4.4,61.1,19.6,5100.0,35.7,77.9,14.1,37.5,7.1,11.2,364.0,49.0,0.0,0.0,0.0,1.0,0.0,0.0,0.0,0.0,0.0,0.0
616350,11.4,12.3,19.6,35.0,260.9,14.6,15.5,65.4,8.6,11.9,11.2,25.4,92.1,45.3,6.8,8.8,80.6,65.1,8.4,27.1,4.2,60.3,21.2,6000.0,31.6,77.6,14.2,53.2,6.7,12.8,138.0,37.9,0.0,1.0,0.0,0.0,0.0,0.0,0.0,0.0,0.0,0.0
616532,21.4,10.9,19.0,29.5,192.4,18.4,12.5,66.2,8.0,11.8,11.1,23.0,55.7,43.7,15.5,10.5,80.6,36.5,13.5,22.9,14.8,66.5,17.4,4800.0,36.8,71.8,13.8,42.8,5.4,15.7,321.1,62.5,0.0,0.0,0.0,1.0,0.0,0.0,0.0,0.0,0.0,0.0
617918,14.0,8.0,13.2,15.5,169.6,9.7,7.8,69.6,10.0,9.1,8.8,27.2,86.6,41.7,22.7,16.7,82.6,19.8,4.8,18.5,3.2,80.9,20.0,4200.0,33.3,71.3,10.8,41.1,6.1,8.4,251.1,63.2,0.0,0.0,0.0,1.0,0.0,0.0,0.0,0.0,0.0,0.0
619766,11.1,12.7,17.6,23.5,210.8,15.1,17.0,62.3,9.6,11.7,11.8,25.4,91.3,45.3,27.8,4.7,80.4,32.8,3.8,25.5,4.265021753959154,43.5,21.0,5100.0,30.4,52.9,12.1,50.1,6.3,15.8,337.4,59.1,0.0,0.0,0.0,0.0,0.0,0.0,1.0,0.0,0.0,0.0
622020,16.7,10.8,17.8,22.3,184.1,11.1,15.7,69.0,8.6,11.0,10.1,27.7,96.2,35.4,2.9,17.5,81.1,68.5,4.7,24.4,4.060062489516703,89.5,18.2,4600.0,30.6,90.9,13.0,51.5,7.5,5.5,342.2,31.9,1.0,0.0,0.0,0.0,0.0,0.0,0.0,0.0,0.0,0.0
622230,9.0,11.9,14.0,11.3,155.7,35.9,15.1,48.1,12.7,14.1,14.8,28.0,83.2,52.8,24.0,-18.2,81.6,38.4,10.6,25.9,3.2,55.6,29.5,5400.0,23.9,56.2,15.6,31.4,6.7,22.2,389.9,60.0,0.0,0.0,0.0,0.0,0.0,0.0,0.0,1.0,0.0,0.0
622804,11.5,8.4,19.6,30.6,229.2,22.6,18.2,61.6,9.7,14.0,13.0,26.9,84.9,47.3,9.0,-2.5,80.0,52.1,11.2,23.4,8.8,38.3,22.4,6200.0,28.3,67.9,15.8,37.0,6.3,19.5,384.2,41.5,0.0,0.0,0.0,1.0,0.0,0.0,0.0,0.0,0.0,0.0
623182,14.2,9.5,17.6,17.6,203.0,15.0,13.0,66.2,10.0,12.5,11.8,28.0,80.4,38.1,8.3,9.2,79.0,67.6,6.2,25.3,3.0,71.2,22.0,6100.0,34.1,91.8,15.3,41.0,9.0,8.0,492.1,35.0,0.0,0.0,1.0,0.0,0.0,0.0,0.0,0.0,0.0,0.0
624638,7.7,9.2,21.8,26.0,173.8,5.0,8.5,74.7,6.7,9.9,8.9,25.7,95.9,28.8,4.9,32.3,81.7,74.0,10.7,23.8,2.481738234505066,73.8,14.3,3100.0,35.2,68.8,12.2,71.5,4.6,3.1,85.4,32.6,1.0,0.0,0.0,0.0,0.0,0.0,0.0,0.0,0.0,0.0
624680,11.3,11.4,18.2,23.3,209.7,20.6,19.8,57.5,9.8,13.6,12.6,26.3,90.1,44.7,9.4,2.3,79.1,65.0,8.8,28.2,5.814686468437145,52.6,23.6,6200.0,25.4,61.5,15.2,31.3,8.9,15.2,347.9,36.2,0.0,0.0,1.0,0.0,0.0,0.0,0.0,0.0,0.0,0.0
626000,6.9,8.7,16.8,19.5,134.3,3.9,9.7,72.4,7.9,8.5,7.8,22.7,93.2,30.1,10.9,40.0,83.0,60.7,7.2,15.7,9.846496026359794,68.6,15.6,3100.0,36.5,72.2,10.4,68.8,4.6,3.7,189.1,47.1,1.0,0.0,0.0,0.0,0.0,0.0,0.0,0.0,0.0,0.0
627000,6.6,15.1,15.1,22.6,298.7,40.1,16.3,55.4,11.5,14.6,14.3,28.9,78.4,43.4,15.6,-18.3,77.8,58.4,11.9,33.7,8.7,66.6,26.2,9200.0,29.7,78.0,17.1,34.8,11.1,12.4,578.8,46.3,0.0,0.0,0.0,0.0,0.0,0.0,0.0,1.0,0.0,0.0
628000,8.6,12.5,16.0,25.2,187.8,19.9,12.1,66.3,9.1,10.9,10.8,24.9,90.2,45.3,19.0,8.2,81.1,45.9,12.6,21.0,7.1,73.8,18.4,4700.0,36.7,78.4,12.3,49.9,7.5,12.6,210.0,54.5,0.0,0.0,0.0,0.0,1.0,0.0,0.0,0.0,0.0,0.0
629000,9.7,11.8,13.9,15.7,189.6,21.2,14.6,58.4,11.5,11.9,12.5,27.2,91.4,45.5,21.8,-0.9,81.2,26.2,10.7,21.1,7.9,43.5,23.7,4900.0,31.8,73.6,14.5,45.7,6.2,13.3,344.6,66.1,0.0,0.0,0.0,0.0,0.0,0.0,1.0,0.0,0.0,0.0
630000,14.5,10.8,16.6,27.2,180.9,19.0,15.0,66.4,9.5,11.7,11.9,28.3,87.4,51.7,27.4,-4.2,82.4,24.8,5.7,22.5,3.0,75.4,18.6,3500.0,34.0,66.8,13.3,58.0,8.1,12.1,138.5,68.9,0.0,0.0,0.0,0.0,0.0,0.0,0.0,1.0,0.0,0.0
632548,13.9,11.8,16.4,28.3,300.1,23.5,14.3,55.3,10.7,13.8,13.1,27.8,80.3,51.5,20.4,-12.6,78.7,20.7,11.9,29.8,1.1180527608092063,74.6,23.5,7300.0,27.5,76.2,15.4,38.9,9.3,18.2,675.2,71.5,0.0,0.0,0.0,0.0,0.0,0.0,1.0,0.0,0.0,0.0
633000,14.6,9.0,18.0,26.8,216.0,15.0,19.1,61.9,9.7,11.8,11.1,25.6,79.4,41.6,19.5,10.2,79.8,40.3,7.6,22.7,3.4,76.2,21.0,7400.0,31.3,87.8,14.6,28.2,6.3,10.1,364.4,53.2,0.0,0.0,0.0,1.0,0.0,0.0,0.0,0.0,0.0,0.0
633434,0.0,8.4,17.2,26.5,299.0,28.2,22.4,54.4,11.3,15.4,15.3,30.5,84.2,39.3,6.1,-16.0,77.2,86.3,7.3,29.9,2.5753580910259544,12.1,25.5,8400.0,26.0,63.9,18.5,31.3,13.0,12.4,410.1,16.1,0.0,0.0,0.0,0.0,1.0,0.0,0.0,0.0,0.0,0.0
636000,10.3,11.1,18.1,22.1,186.0,11.4,10.5,72.5,8.5,10.3,10.4,25.8,92.8,38.1,9.6,19.5,81.0,38.2,7.9,21.1,16.6,84.0,15.2,4600.0,40.1,67.8,12.1,63.8,4.7,9.1,232.0,54.8,0.0,1.0,0.0,0.0,0.0,0.0,0.0,0.0,0.0,0.0
636448,14.3,6.8,16.9,25.6,217.0,25.8,18.1,57.2,11.4,13.3,14.4,30.2,89.0,44.1,5.5,-11.6,80.1,69.1,25.3,31.0,12.1,31.8,27.1,6900.0,30.7,55.8,15.5,34.6,10.0,17.0,748.2,30.0,0.0,0.0,0.0,1.0,0.0,0.0,0.0,0.0,0.0,0.0
636546,16.0,11.9,15.2,31.6,295.3,28.9,21.5,54.4,12.8,14.0,14.3,32.9,60.7,53.3,30.8,-14.6,78.8,32.6,21.1,32.9,0.0,62.6,24.5,7400.0,26.1,61.9,15.4,26.8,11.5,18.4,707.1,69.2,0.0,0.0,0.0,0.0,0.0,0.0,0.0,0.0,1.0,0.0
636770,6.2,11.2,16.5,16.4,125.5,10.6,12.7,73.7,6.8,9.0,7.7,20.4,95.9,41.5,3.7,22.4,83.1,39.5,5.2,16.4,4.2,80.4,13.3,2900.0,39.8,75.1,9.5,73.9,5.7,6.2,68.4,51.1,0.0,1.0,0.0,0.0,0.0,0.0,0.0,0.0,0.0,0.0
639496,8.7,10.8,18.7,28.5,176.3,9.3,11.7,73.1,7.8,10.0,9.8,23.4,93.8,37.4,5.9,28.1,81.6,48.7,6.4,20.8,6.3,78.0,14.7,3200.0,38.2,74.3,11.4,53.6,5.0,9.4,164.9,43.5,1.0,0.0,0.0,0.0,0.0,0.0,0.0,0.0,0.0,0.0
639892,14.9,12.3,17.8,21.6,229.3,8.1,15.6,68.1,8.8,11.0,10.6,26.2,90.3,37.2,31.1,15.5,79.4,26.1,5.2,22.7,7.987314157305931,76.3,17.7,5400.0,34.5,85.8,12.3,41.8,5.4,8.5,392.3,53.3,0.0,0.0,0.0,0.0,0.0,1.0,0.0,0.0,0.0,0.0
640130,18.7,7.2,17.6,33.5,363.5,29.7,22.2,56.3,10.4,14.5,13.9,28.2,73.9,41.2,7.7,-14.9,76.8,73.0,6.1,29.0,7.2,18.1,22.7,10100.0,28.5,80.7,16.9,28.0,8.0,9.7,763.5,28.4,0.0,0.0,0.0,0.0,1.0,0.0,0.0,0.0,0.0,0.0
641992,9.2,9.1,21.5,23.9,165.8,3.8,11.3,72.4,7.5,10.7,9.9,23.8,92.7,33.8,11.8,34.8,81.0,70.4,7.7,21.3,11.480431174364462,77.4,15.2,4300.0,37.6,67.2,13.4,58.2,3.9,5.0,191.9,36.8,0.0,1.0,0.0,0.0,0.0,0.0,0.0,0.0,0.0,0.0
643000,20.6,11.8,17.0,22.9,263.1,27.1,17.9,60.2,9.7,12.9,12.2,26.5,83.7,45.2,31.3,-3.7,78.5,29.3,15.1,25.8,3.9,82.9,21.1,6500.0,32.0,84.7,14.2,39.9,8.2,13.2,660.1,69.9,0.0,0.0,0.0,0.0,0.0,0.0,0.0,0.0,1.0,0.0
644000,13.0,11.1,16.7,21.2,215.1,29.5,14.6,58.8,10.2,12.9,12.8,26.7,77.0,51.4,28.8,-5.5,80.4,31.8,27.3,26.1,3.8,60.6,22.2,5500.0,30.7,78.7,14.0,36.5,8.1,17.2,778.5,90.7,0.0,0.0,0.0,0.0,0.0,0.0,0.0,0.0,1.0,0.0
644574,15.9,12.6,16.2,22.6,235.7,34.2,9.8,46.4,11.7,16.1,15.9,26.5,84.0,57.6,31.8,-14.5,79.2,41.9,7.2,32.3,11.638636100105806,72.8,29.2,6400.0,21.7,29.9,17.0,27.5,9.4,21.7,643.0,68.9,0.0,0.0,0.0,0.0,0.0,0.0,0.0,0.0,1.0,0.0
645484,14.3,12.2,19.2,25.6,259.4,15.6,13.9,63.8,9.6,13.6,13.0,28.4,94.2,38.9,8.2,1.9,79.1,64.4,6.0,30.0,8.5,86.4,22.9,7800.0,33.6,77.9,16.0,36.5,10.1,7.3,348.0,38.7,0.0,1.0,0.0,0.0,0.0,0.0,0.0,0.0,0.0,0.0
646842,15.2,10.1,17.4,17.4,162.9,12.6,13.0,65.7,10.8,11.7,13.0,32.8,95.1,40.4,4.1,-1.9,79.9,88.8,6.2,27.3,4.7,28.7,22.7,3600.0,32.5,74.3,14.3,43.0,9.0,9.3,144.7,27.2,0.0,1.0,0.0,0.0,0.0,0.0,0.0,0.0,0.0,0.0
647766,7.3,8.5,13.1,13.9,128.3,10.6,7.4,70.2,8.8,8.6,8.1,22.2,95.1,33.6,7.8,34.0,83.2,45.8,6.2,16.0,12.572335986657713,69.8,20.3,3100.0,33.9,64.8,10.1,58.7,5.9,4.6,155.2,47.7,0.0,1.0,0.0,0.0,0.0,0.0,0.0,0.0,0.0,0.0
648256,11.1,10.5,18.0,25.4,170.2,5.2,8.8,76.1,8.2,9.4,9.8,26.2,93.3,35.8,6.0,33.7,82.4,62.4,4.5,20.3,9.3,87.8,13.9,4200.0,41.2,64.3,10.6,55.9,5.4,6.2,105.0,39.3,1.0,0.0,0.0,0.0,0.0,0.0,0.0,0.0,0.0,0.0
648354,14.9,12.4,17.3,26.0,303.2,23.0,20.9,61.0,10.8,13.8,13.6,30.8,77.2,40.3,14.0,-8.4,77.5,57.5,9.6,31.3,6.5,78.7,25.0,10600.0,31.3,70.9,16.0,28.9,11.3,10.2,994.7,44.9,0.0,0.0,0.0,0.0,1.0,0.0,0.0,0.0,0.0,0.0
649270,11.2,11.1,18.0,30.9,247.5,23.6,16.2,57.2,10.2,13.8,13.1,28.1,91.4,43.7,4.9,-3.3,78.7,68.0,5.7,31.2,2.3,49.1,25.6,6400.0,27.7,73.5,16.5,27.9,11.3,16.1,394.9,29.5,0.0,0.0,1.0,0.0,0.0,0.0,0.0,0.0,0.0,0.0
649670,7.0,7.8,16.9,16.3,138.5,9.3,10.8,75.4,6.9,8.6,7.8,20.3,88.8,32.8,15.6,36.5,83.2,40.3,4.7,19.1,11.211906567836316,89.3,15.8,3500.0,37.7,75.9,9.4,65.6,4.1,7.2,190.3,58.2,0.0,0.0,1.0,0.0,0.0,0.0,0.0,0.0,0.0,0.0
650076,3.1,9.6,20.0,32.9,223.9,10.8,19.1,69.6,8.0,11.3,10.5,26.4,97.0,42.3,2.2,14.1,81.9,69.7,3.5,25.6,8.3,59.2,18.7,5500.0,35.2,77.7,13.8,51.5,10.3,9.4,73.7,27.2,1.0,0.0,0.0,0.0,0.0,0.0,0.0,0.0,0.0,0.0
650258,11.6,9.1,19.2,28.5,215.4,9.9,16.5,70.2,8.9,12.0,12.0,28.1,84.7,40.0,17.8,11.9,80.8,54.1,14.3,24.0,5.5,72.7,19.8,6100.0,34.1,64.2,14.5,32.6,4.9,10.8,341.9,46.2,0.0,0.0,0.0,1.0,0.0,0.0,0.0,0.0,0.0,0.0
651182,13.1,10.6,18.1,23.1,100.9,2.4,7.0,79.2,7.6,8.4,8.8,26.1,92.8,39.8,14.2,37.0,83.0,54.8,13.4,18.9,8.9,75.8,11.8,2800.0,43.4,58.1,9.0,71.1,4.3,5.8,142.8,62.5,0.0,1.0,0.0,0.0,0.0,0.0,0.0,0.0,0.0,0.0
652526,15.4,12.7,16.8,17.7,217.6,20.3,15.5,58.7,10.6,12.3,12.5,26.0,93.9,44.2,31.0,-0.8,80.3,26.3,5.9,25.8,3.2,65.1,23.1,5400.0,28.0,57.7,13.0,38.8,6.8,15.7,410.9,57.8,0.0,0.0,0.0,0.0,0.0,0.0,0.0,1.0,0.0,0.0
653000,15.5,9.5,17.1,21.7,174.6,26.4,16.8,60.6,11.0,12.4,12.0,28.9,75.5,43.8,37.3,1.1,79.0,37.5,17.4,25.1,5.6,87.3,21.5,6700.0,30.2,93.7,15.5,29.2,8.0,12.2,1339.9,72.0,0.0,0.0,0.0,0.0,0.0,0.0,0.0,0.0,1.0,0.0
653322,11.6,8.9,20.4,24.4,185.1,16.1,14.0,67.6,9.1,12.5,11.4,27.0,67.6,43.9,8.2,1.9,80.8,49.8,7.4,21.7,9.7,56.8,19.0,5900.0,30.7,73.4,13.9,38.1,6.6,11.9,399.2,35.3,0.0,0.0,1.0,0.0,0.0,0.0,0.0,0.0,0.0,0.0
653896,11.4,12.5,18.0,25.4,211.9,24.3,17.0,56.3,10.1,13.9,13.2,26.9,81.6,46.4,16.4,-7.1,79.6,50.2,7.9,28.5,1.714345906444521,51.3,24.3,5600.0,25.8,63.2,15.6,33.8,8.8,15.0,403.2,44.7,0.0,0.0,0.0,0.0,1.0,0.0,0.0,0.0,0.0,0.0
653980,14.6,12.1,18.0,23.0,203.4,18.0,11.9,67.1,8.7,11.3,11.1,24.4,92.6,40.5,15.2,18.4,81.8,56.9,11.9,22.3,7.9,44.1,17.7,4900.0,36.6,74.7,13.1,37.7,5.7,12.3,155.8,54.5,0.0,0.0,0.0,1.0,0.0,0.0,0.0,0.0,0.0,0.0
654652,12.0,8.9,17.0,16.0,175.7,23.5,15.5,56.3,10.8,13.7,13.4,26.5,72.1,46.0,12.8,4.2,80.1,49.8,18.6,28.3,7.9,78.3,26.9,5800.0,27.9,55.7,15.2,19.6,7.8,20.6,443.5,55.1,0.0,0.0,0.0,0.0,1.0,0.0,0.0,0.0,0.0,0.0
655156,15.2,7.5,17.1,22.5,277.1,25.9,19.2,55.6,10.6,14.6,14.3,27.3,72.9,45.2,7.3,-6.9,78.8,75.8,11.7,29.3,4.6,34.6,24.0,7800.0,27.9,71.1,16.3,28.4,10.1,11.9,434.2,25.1,0.0,0.0,0.0,1.0,0.0,0.0,0.0,0.0,0.0,0.0
656000,12.3,10.8,17.1,25.0,212.3,18.4,15.1,67.7,8.9,10.5,10.3,26.0,44.4,44.2,32.0,9.7,81.9,44.5,11.5,22.9,3.2,67.4,17.2,5000.0,34.0,84.8,11.0,43.6,5.8,11.8,409.2,67.4,0.0,0.0,0.0,0.0,0.0,0.0,0.0,1.0,0.0,0.0
657792,4.7,9.1,19.7,13.8,129.3,5.2,13.7,77.6,7.2,8.7,8.2,23.5,97.8,31.4,7.6,47.5,83.6,51.1,4.5,18.1,9.219701358311973,80.0,13.0,2900.0,40.2,69.6,10.2,76.4,3.5,3.2,128.5,39.8,1.0,0.0,0.0,0.0,0.0,0.0,0.0,0.0,0.0,0.0
658072,15.5,12.1,16.6,19.7,214.8,29.6,15.8,54.0,10.7,13.9,13.7,25.9,79.4,48.1,25.3,-9.0,79.8,50.9,13.2,27.9,2.9,67.7,24.9,6700.0,26.7,66.0,14.7,26.1,9.7,18.0,561.9,51.7,0.0,0.0,0.0,0.0,0.0,0.0,0.0,1.0,0.0,0.0
659451,8.7,11.2,19.6,21.7,161.1,11.8,14.1,68.9,8.1,11.3,10.1,25.8,94.4,40.4,5.7,15.2,81.0,53.3,5.1,24.1,2.0044660915279096,34.8,17.0,3800.0,31.9,82.3,12.8,57.5,7.3,7.7,189.8,38.3,1.0,0.0,0.0,0.0,0.0,0.0,0.0,0.0,0.0,0.0
659920,11.3,8.7,17.7,24.5,265.0,24.7,20.2,59.9,9.9,13.4,13.3,30.6,87.1,43.4,11.0,-15.1,76.8,76.1,6.7,25.4,14.9,43.5,20.7,10600.0,32.5,46.8,17.0,45.3,6.4,10.4,716.2,25.8,0.0,0.0,0.0,0.0,1.0,0.0,0.0,0.0,0.0,0.0
659962,10.8,10.2,18.0,22.2,214.0,19.4,10.8,67.9,9.0,11.7,11.1,28.3,87.9,35.9,17.6,5.1,79.3,67.6,9.7,23.8,10.978076901703375,50.9,18.2,6300.0,33.0,77.2,12.9,54.8,6.8,8.6,306.6,42.0,0.0,0.0,0.0,0.0,1.0,0.0,0.0,0.0,0.0,0.0
660018,4.9,11.2,20.6,18.5,226.6,3.0,17.2,77.0,6.5,9.2,8.2,22.4,95.9,37.8,18.1,31.3,81.2,23.6,3.1,20.1,6.8,97.7,12.1,4700.0,39.4,69.9,9.9,74.7,5.2,6.3,260.1,73.8,0.0,0.0,1.0,0.0,0.0,0.0,0.0,0.0,0.0,0.0
660102,18.3,7.4,17.9,19.2,162.0,13.5,14.4,71.7,8.0,10.6,9.8,25.3,81.3,42.1,23.8,27.8,82.0,37.1,17.1,25.0,6.4,80.1,17.4,4500.0,37.0,73.7,12.2,48.1,3.6,8.7,253.0,58.8,0.0,0.0,0.0,0.0,1.0,0.0,0.0,0.0,0.0,0.0
660466,14.1,11.2,17.1,27.0,254.8,23.9,20.8,54.1,11.2,14.5,14.1,29.2,86.8,43.9,11.5,-9.7,78.9,53.5,6.4,30.5,4.486415443548758,24.9,25.7,7300.0,24.3,57.8,16.3,28.6,12.2,15.2,389.6,42.0,0.0,0.0,0.0,0.0,1.0,0.0,0.0,0.0,0.0,0.0
660620,27.1,9.7,14.2,17.8,193.8,21.7,16.3,63.1,11.6,12.9,12.8,30.0,75.4,43.5,24.8,-2.4,78.8,61.5,11.6,31.6,3.4,77.9,24.3,6400.0,29.8,90.3,15.5,23.0,8.7,15.3,936.3,67.0,0.0,0.0,0.0,0.0,0.0,0.0,0.0,1.0,0.0,0.0
662000,14.9,12.1,18.7,34.5,320.4,21.7,23.5,60.8,9.1,13.1,12.2,26.4,80.2,42.2,16.9,-1.8,78.9,57.0,10.5,28.1,7.6,51.5,23.3,8300.0,30.6,73.0,15.2,37.2,9.5,13.7,523.7,41.3,0.0,0.0,0.0,0.0,0.0,1.0,0.0,0.0,0.0,0.0
662938,7.1,9.8,19.7,20.8,170.1,8.4,15.6,71.0,7.8,10.8,10.0,26.6,86.4,35.3,6.9,15.2,80.3,65.3,4.5,21.3,4.8,82.2,16.3,5100.0,37.1,59.5,12.5,60.5,5.7,6.6,184.8,36.4,0.0,1.0,0.0,0.0,0.0,0.0,0.0,0.0,0.0,0.0
664224,12.4,5.7,16.5,25.1,200.2,25.7,17.2,52.4,10.7,14.5,14.1,25.5,85.3,46.8,16.2,-6.0,79.1,38.8,14.6,30.8,4.3,88.1,28.1,7600.0,25.7,47.7,16.7,18.8,6.2,17.4,655.0,53.1,0.0,0.0,0.0,0.0,0.0,1.0,0.0,0.0,0.0,0.0
665000,20.1,10.5,15.5,32.6,319.5,42.6,19.4,47.8,12.8,16.6,16.6,31.5,77.9,48.5,21.9,-25.6,76.6,55.8,10.7,32.3,4.0,45.0,29.4,11100.0,22.9,68.5,19.1,25.6,12.8,17.0,1307.2,42.0,0.0,0.0,0.0,0.0,0.0,0.0,0.0,0.0,1.0,0.0
665042,8.8,8.6,18.7,22.8,187.8,14.1,16.6,70.7,8.7,11.3,11.0,27.8,91.2,41.7,17.6,6.3,80.2,51.2,8.8,24.5,10.4,64.3,18.6,6200.0,35.7,61.3,13.1,48.0,6.0,10.6,421.8,46.9,0.0,0.0,0.0,1.0,0.0,0.0,0.0,0.0,0.0,0.0
666000,12.1,8.7,20.7,20.8,164.3,18.6,14.3,69.1,8.2,11.6,9.8,24.1,82.2,42.7,15.5,8.6,81.2,50.3,20.5,19.8,8.1,78.9,17.4,4700.0,31.4,82.0,12.6,54.8,7.0,11.6,379.8,63.6,0.0,0.0,0.0,1.0,0.0,0.0,0.0,0.0,0.0,0.0
668000,11.1,8.2,15.0,18.0,169.5,11.6,12.0,68.0,9.0,10.2,9.9,23.2,80.1,39.4,14.0,25.7,82.4,44.7,16.4,20.8,3.9,77.8,21.4,4300.0,33.9,81.1,11.6,50.0,6.4,8.2,414.9,54.5,0.0,0.0,1.0,0.0,0.0,0.0,0.0,0.0,0.0,0.0
668084,14.9,9.1,16.1,26.9,185.2,13.0,17.7,64.1,10.6,11.0,11.3,28.4,91.2,40.5,28.0,5.5,80.9,22.9,6.6,21.2,13.347192169911885,60.1,21.1,6700.0,32.3,88.7,14.0,38.5,6.3,9.0,588.5,62.3,0.0,0.0,0.0,0.0,0.0,0.0,1.0,0.0,0.0,0.0
668196,7.6,8.8,20.9,24.7,223.2,12.3,15.0,68.2,8.2,12.3,10.8,24.8,91.9,43.4,4.9,8.0,82.4,66.6,10.7,21.0,6.0,56.8,18.4,4400.0,30.4,70.6,13.6,56.9,4.8,13.1,213.2,41.5,0.0,1.0,0.0,0.0,0.0,0.0,0.0,0.0,0.0,0.0
668252,7.6,7.7,16.6,16.7,131.1,9.8,14.1,73.2,8.5,9.8,9.4,26.6,92.0,39.3,25.7,31.8,83.0,24.5,7.0,22.8,4.5,81.1,17.1,3800.0,36.8,79.7,11.4,50.9,4.1,6.8,262.2,64.2,0.0,0.0,0.0,0.0,1.0,0.0,0.0,0.0,0.0,0.0
668378,6.3,9.5,16.5,25.0,130.3,4.0,11.5,81.3,6.6,8.2,7.1,21.2,96.7,35.0,3.6,51.2,84.6,72.3,10.0,20.4,8.280437316155158,62.1,13.0,2800.0,40.2,72.6,9.1,79.5,3.6,2.9,75.3,25.2,1.0,0.0,0.0,0.0,0.0,0.0,0.0,0.0,0.0,0.0
669000,6.6,11.6,15.7,20.4,204.4,28.7,13.3,50.3,11.3,14.5,14.9,25.0,85.2,49.9,20.4,-2.2,81.0,24.3,20.3,27.6,6.8,74.6,27.3,5600.0,27.6,54.8,16.4,23.2,6.5,22.5,491.6,66.1,0.0,0.0,0.0,0.0,0.0,0.0,0.0,1.0,0.0,0.0
669070,12.7,8.3,18.9,34.2,226.7,15.4,14.2,70.9,8.4,10.9,10.7,26.6,85.2,46.6,27.5,9.6,82.5,43.5,12.7,23.8,13.6,76.9,17.6,7000.0,33.6,59.9,12.0,40.2,4.5,14.6,414.6,62.3,0.0,0.0,0.0,0.0,0.0,0.0,1.0,0.0,0.0,0.0
669084,13.3,8.4,15.9,22.4,166.2,7.4,11.9,73.4,7.1,9.0,7.9,20.3,89.5,36.5,17.7,32.9,82.0,39.7,5.7,17.9,3.5,80.0,17.1,3700.0,36.2,80.4,9.8,62.5,4.2,5.3,174.4,59.2,0.0,0.0,1.0,0.0,0.0,0.0,0.0,0.0,0.0,0.0
669088,12.5,8.4,19.7,25.2,210.4,11.7,12.8,70.1,7.7,11.2,10.4,24.3,82.4,40.9,6.0,23.3,81.5,66.8,8.1,22.9,5.3,46.2,16.0,5300.0,36.1,76.5,12.4,57.0,7.1,9.4,195.2,34.2,0.0,1.0,0.0,0.0,0.0,0.0,0.0,0.0,0.0,0.0
669196,10.5,8.3,16.8,40.0,283.7,26.8,15.4,53.4,11.1,15.1,15.3,27.9,90.4,44.0,11.5,-6.7,80.5,50.1,15.2,29.2,9.4,70.8,28.1,8200.0,26.3,51.0,17.0,19.0,5.9,22.8,459.3,51.3,0.0,0.0,0.0,0.0,1.0,0.0,0.0,0.0,0.0,0.0
670000,17.5,10.9,19.2,20.0,176.2,7.4,15.8,75.3,7.1,9.4,8.7,24.3,91.2,43.0,24.0,16.0,82.5,12.8,5.5,20.6,6.9,87.3,12.8,3800.0,37.9,67.1,9.7,73.7,7.3,7.3,764.3,82.7,0.0,0.0,0.0,0.0,0.0,1.0,0.0,0.0,0.0,0.0
670098,15.6,7.7,17.9,26.4,211.6,16.9,19.0,65.7,8.5,12.4,11.6,27.6,81.8,41.2,13.1,4.5,79.7,52.3,9.8,24.0,8.9,66.4,19.7,6700.0,34.9,66.0,14.4,42.6,6.2,11.1,416.9,43.5,0.0,0.0,1.0,0.0,0.0,0.0,0.0,0.0,0.0,0.0
672016,4.3,9.0,19.6,19.1,195.5,6.7,14.8,72.6,8.0,10.9,10.1,25.8,74.0,39.8,7.2,23.2,81.3,60.9,5.1,23.1,8.2,57.8,17.4,4700.0,36.3,64.6,13.0,45.0,5.4,7.9,145.9,38.6,1.0,0.0,0.0,0.0,0.0,0.0,0.0,0.0,0.0,0.0
673080,13.6,12.6,16.5,13.7,166.6,27.2,14.6,49.6,11.6,14.8,15.3,25.6,80.4,53.1,34.7,-14.9,81.1,21.2,13.4,30.5,5.8108903928822,59.7,28.1,4700.0,23.4,14.8,15.0,34.3,11.1,22.4,707.8,68.9,0.0,0.0,0.0,0.0,0.0,0.0,0.0,0.0,1.0,0.0
675000,17.5,12.1,15.6,29.6,289.7,30.3,20.2,56.1,11.9,14.4,14.4,30.6,75.8,44.4,16.3,-14.5,76.9,59.4,10.5,30.5,13.4,73.3,27.8,11300.0,29.2,84.9,16.3,29.6,11.9,11.9,1452.7,41.8,0.0,0.0,0.0,0.0,0.0,0.0,1.0,0.0,0.0,0.0
677000,8.4,8.1,15.1,31.0,133.4,5.9,12.7,74.9,7.3,8.2,7.6,21.1,88.5,29.8,15.4,38.1,83.2,33.4,6.9,17.3,3.3,58.7,16.6,3300.0,38.0,76.0,9.0,57.3,5.0,5.4,121.7,55.1,0.0,1.0,0.0,0.0,0.0,0.0,0.0,0.0,0.0,0.0
678120,12.7,9.1,21.0,31.5,228.9,7.3,14.9,71.3,7.4,11.1,9.9,24.8,92.6,38.8,2.6,19.4,82.1,70.2,3.2,25.0,4.5,56.1,17.5,4800.0,36.0,76.2,13.5,57.2,7.6,9.0,107.4,27.7,1.0,0.0,0.0,0.0,0.0,0.0,0.0,0.0,0.0,0.0
678582,13.6,9.1,18.3,21.3,177.3,5.2,15.1,75.7,8.1,9.8,9.7,27.4,91.3,38.3,7.3,31.1,83.3,64.7,6.6,21.9,7.7,81.8,16.0,4300.0,38.3,58.9,11.0,61.8,6.6,7.9,133.7,32.7,1.0,0.0,0.0,0.0,0.0,0.0,0.0,0.0,0.0,0.0
680000,10.3,11.3,15.8,24.9,202.8,7.0,16.8,72.7,8.7,9.0,9.0,26.3,95.9,38.2,23.3,17.5,82.9,35.2,7.0,18.4,3.3,81.3,15.8,5300.0,36.6,80.3,9.7,61.4,5.5,7.5,181.3,73.7,0.0,0.0,0.0,1.0,0.0,0.0,0.0,0.0,0.0,0.0
680238,12.0,10.4,19.7,33.0,260.3,11.8,28.9,67.2,8.6,12.3,11.1,25.8,90.3,35.8,7.8,15.4,79.0,58.4,5.1,28.0,4.6,90.3,20.6,6500.0,33.7,86.1,14.2,35.8,7.4,8.2,223.4,42.0,0.0,1.0,0.0,0.0,0.0,0.0,0.0,0.0,0.0,0.0
680812,14.2,13.0,18.3,22.2,243.9,19.9,18.7,63.0,9.8,13.4,12.7,28.5,91.1,40.0,10.9,-9.2,79.4,60.3,9.2,29.8,6.226677330440431,71.5,23.5,7000.0,32.4,64.2,15.3,32.6,10.1,10.5,628.1,42.4,0.0,0.0,0.0,1.0,0.0,0.0,0.0,0.0,0.0,0.0
680854,7.7,11.6,16.8,14.1,182.5,19.7,19.1,66.4,8.4,10.9,10.5,23.1,93.8,45.7,7.6,12.2,81.5,50.9,13.3,21.6,6.2,69.4,18.0,4400.0,36.6,76.6,12.5,40.0,5.6,11.6,166.3,66.1,0.0,1.0,0.0,0.0,0.0,0.0,0.0,0.0,0.0,0.0
681204,15.5,8.8,15.5,15.6,149.7,8.3,10.8,66.7,9.7,9.6,9.1,25.0,89.6,35.2,8.1,27.4,82.9,61.0,9.1,17.1,11.292638255061988,85.4,19.3,4100.0,32.4,79.7,11.9,44.6,5.4,5.7,346.9,53.2,0.0,1.0,0.0,0.0,0.0,0.0,0.0,0.0,0.0,0.0
681344,12.1,11.4,17.6,25.5,228.0,17.9,14.0,65.6,9.5,11.9,11.6,29.1,94.8,42.1,13.1,4.6,80.5,64.6,6.7,25.1,6.354747944944755,43.4,19.5,5800.0,32.0,75.1,13.5,52.2,6.2,9.8,305.9,46.3,0.0,0.0,0.0,1.0,0.0,0.0,0.0,0.0,0.0,0.0
681554,13.1,9.2,20.1,27.6,201.0,11.7,19.6,70.0,9.0,12.0,11.2,27.4,87.4,37.9,7.5,12.0,80.5,60.9,7.8,25.3,10.539122140754188,77.5,19.3,6500.0,36.3,80.2,15.5,39.8,6.6,6.9,207.1,36.1,0.0,1.0,0.0,0.0,0.0,0.0,0.0,0.0,0.0,0.0
681666,29.8,9.8,14.9,27.5,184.6,22.6,15.9,64.4,12.0,12.2,12.3,31.5,73.4,43.2,21.9,-2.1,79.2,60.9,6.9,25.2,4.8,65.0,23.9,8100.0,31.7,94.3,14.9,26.9,10.7,10.6,875.9,41.6,0.0,0.0,0.0,0.0,0.0,1.0,0.0,0.0,0.0,0.0
682954,12.6,15.7,18.3,22.6,281.3,27.2,19.0,60.9,10.4,13.1,13.1,27.9,85.4,37.9,9.8,-7.8,78.4,58.6,7.1,33.4,3.7,40.9,23.1,8400.0,32.5,63.4,16.1,38.8,6.8,8.3,355.0,38.0,0.0,0.0,0.0,0.0,1.0,0.0,0.0,0.0,0.0,0.0
682996,13.1,8.9,21.0,21.7,236.9,19.7,21.2,63.1,8.8,13.8,12.1,25.5,87.2,46.7,8.7,-1.3,81.0,48.6,10.7,23.1,12.3,49.5,20.9,6000.0,28.7,65.2,15.5,34.5,5.1,16.4,375.4,43.2,0.0,0.0,0.0,1.0,0.0,0.0,0.0,0.0,0.0,0.0
684200,10.0,12.0,15.7,29.4,200.9,14.2,16.9,64.7,10.1,10.4,10.7,26.3,95.2,41.8,22.6,8.8,81.4,49.6,6.4,21.9,4.949382479322274,57.0,20.3,5000.0,31.3,68.5,11.0,53.6,8.4,11.2,255.5,56.2,0.0,0.0,0.0,0.0,1.0,0.0,0.0,0.0,0.0,0.0
684550,6.6,11.6,12.4,17.2,178.3,21.4,13.1,58.4,12.7,11.5,12.8,29.6,90.6,46.8,15.3,-5.7,82.2,22.1,9.3,19.6,8.7,66.5,24.4,5300.0,31.6,74.9,14.3,46.3,6.1,12.4,306.7,61.0,0.0,0.0,0.0,0.0,0.0,1.0,0.0,0.0,0.0,0.0
803455,21.4,7.7,20.0,20.3,163.6,9.1,14.0,70.5,6.7,10.3,10.4,25.0,88.4,28.7,9.8,11.5,80.1,76.0,8.4,23.7,8.0,96.1,14.1,6000.0,37.5,43.0,16.1,40.1,4.2,6.8,170.0,50.1,0.0,1.0,0.0,0.0,0.0,0.0,0.0,0.0,0.0,0.0
804000,27.3,7.9,17.6,27.8,158.1,19.6,13.1,62.8,7.5,12.1,10.9,26.9,76.5,37.5,7.5,-3.0,78.6,64.5,10.9,25.5,10.5,87.7,19.4,7100.0,34.3,80.1,18.6,27.4,6.0,15.3,637.7,60.5,0.0,0.0,1.0,0.0,0.0,0.0,0.0,0.0,0.0,0.0
807850,11.7,6.5,22.7,21.3,130.9,8.2,9.7,69.9,4.2,10.8,8.0,17.5,90.6,42.3,14.1,3.1,82.3,52.5,6.5,14.9,8.3,89.6,10.1,4900.0,39.3,41.1,12.6,60.4,5.6,5.8,242.36835984447902,58.3,0.0,0.0,0.0,0.0,0.0,1.0,0.0,0.0,0.0,0.0
812815,12.9,7.5,18.9,17.5,116.8,4.1,7.8,77.7,5.8,8.9,8.1,25.7,82.2,22.6,6.7,29.5,81.8,64.8,7.3,19.9,7.2,90.2,12.4,3700.0,41.7,54.2,12.7,59.2,4.0,5.5,170.03392113409956,40.3,1.0,0.0,0.0,0.0,0.0,0.0,0.0,0.0,0.0,0.0
816000,24.2,5.7,16.3,23.4,191.5,16.9,16.5,66.8,7.1,11.6,11.2,24.6,79.4,34.3,11.5,-2.4,79.4,76.1,7.6,24.1,13.9,74.1,16.6,7900.0,31.9,60.2,16.3,43.1,6.9,10.0,552.4,35.5,0.0,0.0,1.0,0.0,0.0,0.0,0.0,0.0,0.0,0.0
820000,30.9,8.3,23.9,22.9,170.7,22.8,15.4,65.3,6.2,11.4,10.3,23.7,68.4,35.3,25.7,0.1,78.6,51.9,20.2,19.8,12.0,94.1,15.4,6900.0,35.2,71.0,17.3,36.3,4.5,12.8,719.7,63.1,0.0,0.0,0.0,0.0,0.0,0.0,1.0,0.0,0.0,0.0
827425,6.1,6.7,21.4,25.7,161.1,10.2,15.6,66.7,4.7,11.4,9.1,18.5,76.6,38.0,9.4,-1.9,80.8,73.1,6.2,21.6,8.4,65.5,12.2,5600.0,35.9,42.7,15.1,55.6,5.9,7.7,234.7,36.5,0.0,0.0,0.0,1.0,0.0,0.0,0.0,0.0,0.0,0.0
832155,23.6,8.0,18.7,19.9,164.8,20.2,14.0,56.7,7.4,12.9,11.6,24.4,76.9,33.5,13.5,-11.9,78.4,69.8,13.1,26.2,8.5,73.0,19.0,7700.0,33.5,55.3,18.2,31.1,7.2,10.6,453.6,39.8,0.0,0.0,0.0,0.0,1.0,0.0,0.0,0.0,0.0,0.0
843000,24.0,7.4,19.5,22.4,174.9,16.7,12.5,67.7,7.0,10.7,10.8,24.9,70.3,34.5,13.7,-0.8,79.2,66.5,8.6,24.2,10.7,88.1,15.2,6800.0,36.1,50.9,16.2,41.8,4.3,12.1,672.3,60.5,0.0,0.0,1.0,0.0,0.0,0.0,0.0,0.0,0.0,0.0
845970,22.4,7.5,20.0,36.3,171.3,18.8,15.5,67.3,6.6,10.8,11.0,24.2,78.6,31.9,10.1,3.2,80.3,77.6,9.0,18.2,8.5,71.9,13.6,5700.0,37.0,50.7,15.0,40.5,6.7,10.5,364.9,39.2,0.0,0.0,1.0,0.0,0.0,0.0,0.0,0.0,0.0,0.0
846465,20.5,7.0,19.0,31.0,167.9,11.8,10.4,68.0,6.5,10.6,11.0,24.9,78.1,30.7,10.3,-3.1,80.8,82.1,3.7,23.4,14.5,53.9,14.0,6600.0,36.2,33.7,15.7,37.6,5.1,9.8,339.4,29.6,0.0,1.0,0.0,0.0,0.0,0.0,0.0,0.0,0.0,0.0
862000,29.3,5.5,14.3,22.8,160.4,33.1,18.7,57.5,11.0,13.5,16.1,31.6,56.4,37.4,26.9,-28.4,76.0,77.3,8.2,30.0,21.4,78.6,24.2,11200.0,27.6,56.7,19.1,32.0,10.3,11.3,1076.7,38.3,0.0,0.0,0.0,0.0,0.0,0.0,0.0,0.0,1.0,0.0
877290,26.9,8.6,20.2,21.1,154.4,11.1,15.3,64.1,6.3,11.6,10.5,22.0,72.6,32.2,5.9,9.5,78.7,77.6,11.2,26.2,11.9,90.8,18.3,6200.0,34.1,60.9,19.8,40.8,4.3,12.8,375.4,46.4,0.0,1.0,0.0,0.0,0.0,0.0,0.0,0.0,0.0,0.0
883835,24.4,8.1,20.7,22.4,149.2,11.9,14.8,68.7,6.1,10.6,9.7,22.5,69.7,30.4,8.0,9.0,80.3,72.9,9.9,24.0,11.2,84.9,15.4,5600.0,36.4,56.6,17.2,38.7,5.2,10.1,246.0,38.6,0.0,1.0,0.0,0.0,0.0,0.0,0.0,0.0,0.0,0.0
908000,28.0,9.0,15.9,21.5,199.4,30.5,17.7,61.0,11.3,14.4,14.1,30.2,78.1,50.9,40.8,-19.5,77.7,40.8,10.9,31.7,24.5,70.1,28.1,7800.0,26.4,79.5,18.6,32.9,13.8,17.7,894.4,68.1,0.0,0.0,0.0,0.0,0.0,0.0,0.0,0.0,0.0,1.0
918430,15.4,8.8,18.7,14.0,138.3,16.6,9.0,70.9,8.1,12.4,11.5,25.3,82.5,40.6,24.4,5.2,81.4,75.3,9.9,25.3,17.5,35.8,21.7,4900.0,32.8,74.8,16.3,47.8,7.5,19.2,194.3,37.6,0.0,0.0,0.0,0.0,0.0,1.0,0.0,0.0,0.0,0.0
950370,24.5,8.6,16.5,18.7,187.6,34.7,13.2,67.4,11.1,14.4,13.9,31.5,83.3,41.9,39.2,-22.0,76.6,46.6,9.3,30.4,46.5,72.1,30.7,8400.0,29.9,72.7,19.3,34.1,8.7,7.8,369.1,46.6,0.0,0.0,0.0,0.0,0.0,0.0,0.0,0.0,0.0,1.0
952000,29.2,8.6,15.7,21.0,155.1,33.6,13.9,66.3,10.3,14.3,12.2,30.7,81.7,51.5,42.3,-22.8,78.2,49.4,17.6,32.0,28.4,90.7,26.1,7900.0,26.6,83.1,18.6,42.5,10.4,11.4,843.5,67.9,0.0,0.0,0.0,0.0,0.0,0.0,0.0,0.0,0.0,1.0
955990,18.5,9.0,18.2,24.1,150.8,12.5,12.1,74.3,8.4,10.9,10.6,26.5,93.5,42.8,29.2,16.7,82.6,60.4,11.9,25.5,11.9,51.9,19.8,4200.0,34.3,74.3,14.0,52.0,8.0,22.0,290.0,49.1,0.0,0.0,0.0,0.0,0.0,1.0,0.0,0.0,0.0,0.0
973000,20.3,9.2,18.1,19.5,148.3,10.3,10.1,74.8,8.1,10.4,10.0,26.0,89.5,43.1,22.3,22.0,81.9,52.7,13.4,24.4,7.4,72.5,19.2,4100.0,34.4,78.3,13.0,49.4,7.4,14.2,229.2,53.7,0.0,0.0,0.0,0.0,1.0,0.0,0.0,0.0,0.0,0.0
980000,31.2,8.7,14.4,18.6,187.6,35.2,17.3,63.9,12.2,15.5,15.3,35.1,80.9,46.6,34.7,-26.7,76.8,60.6,8.9,33.8,34.0,58.8,30.0,8900.0,27.0,78.5,21.4,38.9,12.1,11.4,498.1,48.3,0.0,0.0,0.0,0.0,0.0,0.0,0.0,0.0,1.0,0.0
1207300,7.3,6.3,18.5,27.7,230.8,7.8,16.6,77.5,9.5,10.1,11.1,28.9,95.2,39.1,7.2,15.7,82.2,68.5,7.2,20.5,27.9,50.2,23.3,7700.0,37.6,50.4,12.3,45.4,5.3,11.9,243.2,40.6,0.0,1.0,0.0,0.0,0.0,0.0,0.0,0.0,0.0,0.0
1207875,8.1,6.1,16.0,26.8,270.3,22.7,22.5,66.4,12.7,12.7,14.8,34.3,73.1,42.0,7.6,-11.4,79.9,71.6,14.1,26.0,34.1,64.3,32.0,11200.0,32.9,69.8,17.3,20.7,10.2,21.5,611.7,35.5,0.0,0.0,0.0,1.0,0.0,0.0,0.0,0.0,0.0,0.0
1210275,19.6,6.9,18.3,20.4,161.1,17.0,11.6,63.3,10.9,12.3,13.6,31.4,87.2,35.1,3.1,-8.4,79.1,84.9,5.4,27.8,19.9,16.2,27.5,6200.0,35.1,48.7,17.1,37.9,8.0,18.2,138.2,17.3,0.0,1.0,0.0,0.0,0.0,0.0,0.0,0.0,0.0,0.0
1212875,23.3,8.0,18.2,31.4,247.2,26.3,23.7,59.9,11.0,13.0,14.0,33.1,87.7,40.9,12.5,-13.8,78.2,59.7,11.9,28.6,13.4,60.6,28.9,11400.0,34.6,55.6,20.0,23.7,7.2,19.3,517.2,43.4,0.0,0.0,0.0,1.0,0.0,0.0,0.0,0.0,0.0,0.0
1214400,11.7,6.7,19.1,30.9,275.8,13.7,17.4,66.6,9.1,12.2,11.3,27.3,95.0,41.2,4.6,10.7,80.1,49.8,5.9,25.6,8.1,65.4,24.3,4900.0,31.8,79.5,15.6,34.4,7.5,16.6,195.0,38.3,0.0,1.0,0.0,0.0,0.0,0.0,0.0,0.0,0.0,0.0
1216475,10.6,7.0,19.0,24.5,186.2,12.2,15.7,66.2,9.2,12.1,11.4,27.0,96.3,38.3,5.0,2.9,80.7,71.4,5.5,24.7,12.1,46.4,24.8,5300.0,32.4,75.1,15.3,35.5,6.3,15.0,247.2,59.3,0.0,1.0,0.0,0.0,0.0,0.0,0.0,0.0,0.0,0.0
1216725,11.4,6.5,15.6,14.0,147.9,27.0,11.2,59.0,12.9,13.4,14.9,36.6,93.6,42.8,8.4,-20.1,78.8,49.3,15.3,28.0,11.5,47.5,31.0,6000.0,29.9,76.5,18.4,18.3,8.3,25.7,412.0,47.4,0.0,0.0,0.0,1.0,0.0,0.0,0.0,0.0,0.0,0.0
1217200,20.1,6.8,16.8,23.1,209.8,22.9,15.9,55.6,12.2,14.4,15.3,32.5,81.0,39.1,4.1,-17.6,78.2,80.1,3.2,33.6,15.8,27.9,34.3,7800.0,30.0,64.9,21.0,26.5,8.1,16.7,434.3560033599767,15.3,0.0,0.0,1.0,0.0,0.0,0.0,0.0,0.0,0.0,0.0
1224000,19.5,6.7,17.2,31.3,275.8,33.5,21.4,61.2,11.9,13.0,13.4,34.0,65.7,44.8,16.3,-5.6,77.5,49.1,29.8,28.4,22.1,76.4,28.0,11900.0,32.1,73.9,17.9,22.8,8.0,20.4,612.0,59.3,0.0,0.0,0.0,0.0,0.0,1.0,0.0,0.0,0.0,0.0
1225175,21.6,7.4,19.0,31.0,214.7,27.2,24.8,56.8,7.4,15.2,11.4,21.6,86.0,42.2,10.7,-32.6,77.6,73.3,11.4,24.6,7.3,52.4,26.0,11000.0,34.9,72.3,16.5,29.5,7.8,12.1,740.2,34.1,0.0,0.0,0.0,0.0,0.0,0.0,0.0,1.0,0.0,0.0
1232000,12.2,6.9,16.7,22.8,223.3,19.5,18.4,60.4,11.9,13.0,13.8,32.5,93.1,44.3,16.6,-12.4,78.7,50.2,12.1,28.0,19.9,71.6,29.8,7800.0,30.1,76.4,17.1,26.2,7.6,21.8,300.4,55.2,0.0,0.0,0.0,0.0,1.0,0.0,0.0,0.0,0.0,0.0
1235000,17.7,7.8,18.9,25.5,210.1,24.8,15.3,57.4,11.0,13.8,13.4,33.3,83.5,35.1,13.5,-11.1,76.2,75.4,17.5,31.3,28.4,34.8,28.2,9800.0,31.2,72.5,20.4,24.5,7.6,14.7,659.3,26.8,0.0,0.0,0.0,0.0,1.0,0.0,0.0,0.0,0.0,0.0
1238250,8.0,7.8,13.6,32.6,286.7,25.1,18.8,56.1,13.2,13.4,15.6,36.3,93.5,33.5,13.1,-19.9,77.2,72.9,13.9,35.6,11.5,37.5,32.0,13100.0,33.5,63.3,18.5,36.5,8.1,14.3,298.9,36.0,0.0,0.0,0.0,0.0,1.0,0.0,0.0,0.0,0.0,0.0
1239425,12.0,7.9,16.9,25.8,228.1,22.2,19.0,58.6,12.1,13.1,15.4,36.1,59.7,37.7,9.8,-21.3,77.3,66.3,9.5,28.3,11.1,30.8,31.0,10100.0,33.5,50.7,20.7,29.0,6.8,19.5,452.4,42.1,0.0,0.0,1.0,0.0,0.0,0.0,0.0,0.0,0.0,0.0
1239550,30.2,6.9,13.7,24.5,221.7,37.2,17.1,50.1,15.4,15.6,16.1,39.9,27.3,54.7,9.3,-25.9,75.3,48.4,12.9,35.3,2.779084399239487,66.5,35.5,7700.0,24.7,50.0,21.7,11.2,10.9,20.9,942.5,44.3,0.0,0.0,0.0,0.0,0.0,1.0,0.0,0.0,0.0,0.0
1243975,10.8,6.3,16.8,25.2,251.8,20.1,21.0,57.7,12.6,13.5,14.9,32.9,88.1,36.0,9.2,-21.2,78.2,76.2,8.2,27.3,17.4,27.1,29.9,11000.0,31.3,53.2,20.0,28.1,6.5,17.4,849.1,29.8,0.0,0.0,0.0,1.0,0.0,0.0,0.0,0.0,0.0,0.0
1245025,28.8,6.7,18.3,20.1,139.5,15.5,8.7,66.8,9.8,10.4,10.9,27.0,85.3,48.7,20.7,-9.8,81.6,34.5,8.7,23.8,7.3,95.2,30.5,3700.0,26.1,59.0,13.4,37.3,4.5,24.5,963.1,75.7,0.0,0.0,0.0,0.0,0.0,0.0,1.0,0.0,0.0,0.0
1245975,10.0,7.2,17.8,20.5,150.4,13.2,13.1,63.5,10.3,11.9,10.9,28.6,57.4,45.7,5.6,3.4,80.0,63.6,8.8,29.0,0.0,50.3,26.1,4600.0,28.4,77.7,14.9,29.6,7.3,16.9,305.1,29.7,0.0,1.0,0.0,0.0,0.0,0.0,0.0,0.0,0.0,0.0
1254000,17.1,6.2,16.8,21.5,202.8,22.1,19.2,55.1,13.1,14.3,15.3,33.5,85.3,33.4,3.5,-17.6,78.4,84.9,4.2,29.7,6.8,22.3,31.3,8400.0,30.0,64.2,21.7,25.6,7.8,17.0,526.4,12.7,0.0,0.0,1.0,0.0,0.0,0.0,0.0,0.0,0.0,0.0
1254200,24.9,6.4,15.1,22.9,181.8,22.6,17.9,65.2,13.0,12.2,14.3,37.4,88.3,32.1,2.3,-11.2,79.2,91.1,5.2,27.8,15.5,26.1,30.0,7700.0,33.5,56.5,18.8,39.2,6.5,18.0,330.26437268017764,6.5,0.0,1.0,0.0,0.0,0.0,0.0,0.0,0.0,0.0,0.0
1255775,10.7,7.1,17.1,17.7,149.7,8.2,14.6,66.6,11.1,10.9,11.6,30.3,98.4,40.4,4.5,0.6,82.6,60.6,5.0,25.7,5.4,36.6,26.4,4200.0,29.4,79.7,13.1,38.5,6.3,13.4,194.8,31.6,1.0,0.0,0.0,0.0,0.0,0.0,0.0,0.0,0.0,0.0
1257425,10.8,6.9,18.3,20.8,220.5,11.8,13.3,68.6,9.6,11.3,11.0,29.4,94.2,38.5,7.1,6.4,79.7,60.6,18.2,24.9,7.5,57.7,23.5,5000.0,33.3,80.5,14.2,33.0,5.9,15.2,254.2,59.3,0.0,1.0,0.0,0.0,0.0,0.0,0.0,0.0,0.0,0.0
1258050,13.0,6.6,15.6,31.6,233.2,33.7,19.4,56.5,13.1,14.1,15.3,36.7,82.1,46.1,11.9,-19.6,77.7,56.2,21.3,29.4,27.5,49.3,32.1,11500.0,30.0,73.8,19.5,15.7,10.1,26.5,903.7,47.4,0.0,0.0,0.0,0.0,0.0,1.0,0.0,0.0,0.0,0.0
1258715,23.3,6.1,17.1,24.0,192.6,16.0,16.8,63.4,11.8,12.8,14.4,32.3,94.1,36.4,2.6,-9.6,80.1,84.8,4.7,30.6,11.1,19.0,31.4,6800.0,33.0,67.4,20.2,27.9,7.2,18.5,105.9,13.6,0.0,1.0,0.0,0.0,0.0,0.0,0.0,0.0,0.0,0.0
1263000,23.7,7.9,18.9,29.3,214.1,25.6,16.0,60.4,10.8,13.0,13.3,32.5,88.3,35.8,22.2,-11.9,76.8,61.2,23.1,29.4,8.7,74.8,27.8,10000.0,34.0,64.9,20.3,23.7,6.5,15.8,726.4,43.4,0.0,0.0,0.0,0.0,0.0,0.0,1.0,0.0,0.0,0.0
1269700,12.9,6.9,16.3,23.0,195.4,18.5,10.9,61.0,12.1,12.7,13.3,33.3,87.3,43.5,5.8,-10.3,80.6,57.0,11.4,28.1,3.5,42.1,29.5,5800.0,28.4,80.6,16.5,30.3,7.6,17.7,236.9,39.1,0.0,0.0,1.0,0.0,0.0,0.0,0.0,0.0,0.0,0.0
1270600,20.7,8.7,19.9,28.0,224.6,23.4,20.9,63.3,7.4,14.8,10.6,23.3,92.6,43.3,8.9,-19.0,78.2,80.8,13.1,28.4,5.9,46.7,24.9,8100.0,39.2,66.9,16.3,35.4,10.0,10.4,797.5,31.9,0.0,0.0,0.0,0.0,0.0,1.0,0.0,0.0,0.0,0.0
1271000,18.8,8.7,17.9,30.4,310.1,28.7,25.6,55.5,11.9,13.9,13.8,30.6,81.5,39.4,17.5,-11.5,77.4,62.1,19.7,28.5,18.3,61.8,30.2,12100.0,29.2,79.9,19.4,26.8,8.1,14.6,493.8,50.0,0.0,0.0,0.0,0.0,0.0,0.0,1.0,0.0,0.0,0.0
1276600,7.9,6.0,17.0,34.3,312.0,29.5,24.5,65.4,12.3,12.9,14.1,31.9,80.3,44.5,14.3,-9.4,78.3,59.2,17.6,26.6,35.8,53.2,31.4,15300.0,31.7,77.9,17.1,17.4,8.6,20.8,863.0,41.6,0.0,0.0,0.0,0.0,0.0,1.0,0.0,0.0,0.0,0.0
1303440,20.6,9.4,16.0,26.128894547589134,236.7232767893946,39.8,17.70999118217729,59.2,8.7,15.3,11.4,28.4,79.6,42.6,10.9,-30.2,77.7,82.5,15.6,27.5,17.409870467429293,22.7,28.2,9407.012134854314,31.4,70.8,20.3,30.7,7.6,16.2,429.6,26.4,0.0,0.0,0.0,0.0,0.0,0.0,0.0,1.0,0.0,0.0
1304000,24.1,10.6,16.3,36.0,252.1,35.7,23.2,62.1,10.9,12.2,11.1,33.4,63.7,37.5,19.0,-8.1,76.8,62.2,37.0,27.9,11.4,70.7,25.8,10700.0,30.2,66.6,17.1,33.4,8.9,14.3,986.9,49.2,0.0,0.0,0.0,0.0,0.0,0.0,1.0,0.0,0.0,0.0
1304204,20.8,9.7,14.3,28.42239289980762,274.7625520026778,37.9,19.679140198597104,59.8,12.9,14.5,14.4,39.4,78.5,36.6,15.2,-26.0,74.3,83.7,17.1,35.6,22.92411567231288,11.9,33.2,11767.993446467992,31.2,62.8,22.5,19.6,11.7,16.5,802.5903867476623,22.1,0.0,0.0,0.0,0.0,0.0,0.0,1.0,0.0,0.0,0.0
1319000,15.2,10.1,13.9,23.6,295.9,31.2,18.1,59.3,12.9,14.0,14.1,37.7,89.5,38.1,15.1,-21.0,75.7,75.9,23.6,34.3,4.6,23.1,32.2,10900.0,29.8,70.8,21.4,30.5,10.0,15.6,650.5,26.3,0.0,0.0,0.0,0.0,0.0,1.0,0.0,0.0,0.0,0.0
1342425,8.1,10.0,16.8,14.09491746848214,64.9,5.1,7.543997567839844,76.8,7.2,8.6,7.9,26.8,96.3,25.2,2.7,37.3,81.4,69.9,4.6,18.9,4.253335482042175,14.4,18.2,1300.0,40.5,74.9,11.5,71.3,6.2,7.3,30.1,19.1,1.0,0.0,0.0,0.0,0.0,0.0,0.0,0.0,0.0,0.0
1367284,9.8,10.1,17.5,13.7,109.7,14.3,12.3,73.0,7.7,9.9,9.3,28.9,90.2,29.0,4.8,23.0,81.4,73.1,13.1,22.1,6.8,24.5,20.3,3000.0,40.1,67.2,13.3,54.0,3.7,15.0,114.9,27.0,0.0,1.0,0.0,0.0,0.0,0.0,0.0,0.0,0.0,0.0
1369000,11.0,8.2,14.8,26.3,284.7,34.8,23.9,56.4,12.8,14.3,13.6,38.1,88.0,41.4,24.1,-24.9,76.2,71.7,13.7,33.7,9.4,52.0,31.5,12200.0,30.0,67.9,21.3,22.3,11.1,21.1,776.7,43.1,0.0,0.0,0.0,0.0,0.0,0.0,0.0,1.0,0.0,0.0
1380508,11.1,9.7,14.8,21.8,221.9,31.2,17.7,58.6,11.6,14.4,13.6,36.2,86.3,31.1,8.0,-17.5,77.9,88.6,6.6,33.6,4.3,14.8,31.0,9000.0,31.9,66.7,22.6,37.1,7.8,18.6,525.5,22.5,0.0,0.0,0.0,1.0,0.0,0.0,0.0,0.0,0.0,0.0
1608830,5.4,9.4,18.4,28.5,191.5,15.2,14.9,69.0,8.0,12.1,10.2,27.8,77.3,29.3,12.9,-7.1,80.1,69.3,6.3,24.8,8.6,73.4,17.9,6500.0,36.5,38.9,14.1,57.3,5.0,11.0,288.1,40.2,0.0,0.0,0.0,1.0,0.0,0.0,0.0,0.0,0.0,0.0
1652120,5.8,10.0,19.6,36.9,205.9,12.2,13.2,70.8,7.3,11.8,9.7,26.6,78.9,26.8,2.9,1.2,81.6,73.6,5.8,25.0,4.3,34.7,17.1,5100.0,37.6,30.2,14.4,57.8,3.3,10.1,168.8,26.1,1.0,0.0,0.0,0.0,0.0,0.0,0.0,0.0,0.0,0.0
1656260,14.6,10.1,15.2,35.8,254.7,24.2,22.1,58.1,9.4,14.3,13.1,28.6,77.4,31.2,9.5,-20.9,78.9,80.8,4.4,33.6,0.0,37.6,25.3,6900.0,29.1,47.6,19.1,46.6,7.1,16.5,300.4,29.6,0.0,0.0,0.0,0.0,1.0,0.0,0.0,0.0,0.0,0.0
1702154,9.1,10.7,22.9,16.8,145.1,2.9,13.4,74.1,7.8,9.0,9.5,29.4,89.69610802472832,28.5,15.1,20.9,81.3,56.2,17.1,24.4,13.0,90.3,18.0,4400.0,37.6,54.5,12.7,44.4,4.3,6.5,58.1,47.4,0.0,1.0,0.0,0.0,0.0,0.0,0.0,0.0,0.0,0.0
1703012,11.1,10.4,20.1,17.0,170.4,19.5,12.9,62.0,9.3,12.3,12.3,26.4,83.52169787523991,34.0,20.6,5.6,79.8,65.4,21.1,34.4,9.8,85.3,26.0,5000.0,28.5,75.6,18.3,32.2,6.3,13.5,259.3,40.3,0.0,0.0,0.0,0.0,0.0,1.0,0.0,0.0,0.0,0.0
1706613,26.1,9.7,20.9,33.6,176.1,14.9,12.1,68.2,7.9,11.3,10.7,27.1,79.95893661775783,24.7,18.6,1.6,78.7,79.2,10.7,32.0,15.5,59.9,21.9,6600.0,34.7,51.7,16.6,37.0,4.4,5.4,437.7,35.2,0.0,0.0,0.0,0.0,1.0,0.0,0.0,0.0,0.0,0.0
1707133,4.5,10.7,19.8,23.8,192.1,11.9,8.9,63.9,8.8,10.7,10.6,27.4,86.74075853463742,36.0,6.5,15.2,80.1,78.9,7.8,34.7,6.5,80.1,24.1,5400.0,30.2,84.0,16.9,30.8,5.4,10.5,188.4,32.6,0.0,1.0,0.0,0.0,0.0,0.0,0.0,0.0,0.0,0.0
1712385,1.4,9.6,21.5,21.3,141.6,23.2,16.6,61.2,6.5,13.0,9.6,22.5,82.00606280551969,35.6,17.4,-19.1,80.4,64.1,12.2,29.0,13.5,86.9,22.0,6000.0,34.4,71.1,17.0,33.4,5.2,6.9,748.8,49.7,0.0,0.0,0.0,0.0,0.0,0.0,0.0,1.0,0.0,0.0
1714000,33.9,11.4,21.5,26.4,220.7,30.7,19.5,57.5,10.9,12.2,12.4,31.5,71.96843960213297,40.7,40.1,-8.9,77.3,19.2,44.6,33.0,19.7,97.5,26.4,8200.0,27.8,83.0,17.6,31.6,9.9,14.2,1095.7,77.8,0.0,0.0,0.0,0.0,0.0,0.0,0.0,0.0,1.0,0.0
1714351,22.6,11.6,21.2,24.5,187.4,28.5,11.1,46.1,11.0,14.4,15.0,27.4,77.8538583919136,44.5,52.7,-17.8,77.9,15.7,6.1,36.1,8.1,98.1,34.4,6200.0,23.6,28.1,19.5,17.1,8.3,22.8,358.5,72.7,0.0,0.0,0.0,0.0,0.0,0.0,0.0,0.0,0.0,1.0
1718823,30.2,9.9,17.0,20.6,194.3,35.0,28.0,56.8,12.3,13.8,15.4,37.0,75.28899249521996,27.4,31.2,-23.4,76.4,79.5,15.2,37.3,17.0,61.3,30.4,9900.0,29.8,51.7,21.8,15.2,10.4,8.2,598.1,32.2,0.0,0.0,0.0,0.0,0.0,0.0,0.0,0.0,1.0,0.0
1723074,24.6,10.4,20.2,26.5,189.5,20.9,17.8,63.3,9.6,12.1,12.3,27.4,78.55887759886339,36.1,21.8,0.5,80.3,73.6,13.9,33.1,12.4,71.2,25.6,5700.0,30.8,70.4,18.0,16.0,7.2,14.4,200.1,41.4,0.0,0.0,0.0,0.0,0.0,1.0,0.0,0.0,0.0,0.0
1724582,32.9,10.9,23.5,25.3,113.8,8.5,12.8,71.1,7.2,9.6,8.5,26.1,77.91712599134966,39.6,42.8,11.7,82.0,45.4,14.4,25.1,5.9,99.8,17.5,3600.0,35.3,75.0,12.3,43.5,5.0,6.0,161.6,74.8,0.0,0.0,0.0,0.0,0.0,0.0,0.0,0.0,1.0,0.0
1738570,20.0,10.2,20.3,14.4,190.4,17.2,15.2,58.2,9.5,12.5,12.7,28.4,82.3489935688287,34.5,20.9,-0.9,78.0,74.1,16.6,37.6,12.9,80.0,27.9,5800.0,29.1,67.9,20.5,25.1,7.4,10.6,366.1,34.4,0.0,0.0,0.0,0.0,1.0,0.0,0.0,0.0,0.0,0.0
1751622,10.3,10.6,21.3,18.1,140.8,5.3,14.1,75.2,6.9,8.6,8.7,25.5,90.28089197077304,26.9,6.9,37.1,81.7,80.0,7.2,27.2,9.7,90.2,16.9,3400.0,34.9,64.1,12.3,58.6,5.3,4.4,93.3,40.3,1.0,0.0,0.0,0.0,0.0,0.0,0.0,0.0,0.0,0.0
1757225,17.9,10.6,24.3,17.4,170.7,16.2,14.2,69.9,7.3,10.0,9.6,26.3,84.34618836055736,31.9,11.0,14.5,81.9,70.2,13.5,25.8,7.8,75.9,19.1,4300.0,36.8,61.6,14.3,38.7,4.7,12.1,59.3,38.0,0.0,0.0,1.0,0.0,0.0,0.0,0.0,0.0,0.0,0.0
1759000,27.1,10.1,18.6,22.7,218.6,28.0,15.9,59.3,10.8,13.1,13.7,32.5,78.46401841834843,30.5,28.4,-15.8,77.2,71.3,18.3,35.3,22.6,56.5,26.1,9100.0,32.1,66.8,20.1,35.3,10.6,8.3,747.5,38.9,0.0,0.0,0.0,0.0,0.0,0.0,0.0,1.0,0.0,0.0
1768003,12.5,10.7,23.5,23.4,195.7,8.6,14.1,71.2,7.3,9.4,9.0,26.5,90.04151904466259,29.9,7.4,11.5,80.6,73.7,8.5,23.7,9.7,88.6,18.7,4100.0,35.7,70.4,13.7,67.3,4.7,6.4,106.2,40.9,1.0,0.0,0.0,0.0,0.0,0.0,0.0,0.0,0.0,0.0
1772000,17.2,9.8,19.2,25.6,223.2,31.9,22.4,60.8,10.4,12.4,13.2,33.2,78.8204607795381,28.2,24.2,-11.7,77.8,72.5,18.7,35.6,22.1,44.3,25.4,9800.0,32.2,47.2,20.3,25.0,8.1,6.9,1044.2,33.9,0.0,0.0,0.0,0.0,0.0,0.0,0.0,1.0,0.0,0.0
1779293,32.0,10.2,16.3,23.8,163.0,26.9,12.7,50.9,11.5,13.8,14.7,31.5,74.78171580045901,40.1,26.9,-14.8,78.7,59.0,17.7,35.4,11.1,84.4,33.6,6400.0,25.9,78.1,21.1,15.8,9.7,21.1,409.5,49.0,0.0,0.0,0.0,0.0,0.0,0.0,0.0,1.0,0.0,0.0
1805860,19.1,9.0,20.0,43.3,211.2,29.6,17.7,57.8,5.8,15.5,9.6,19.6,91.3,44.4,12.8,-30.1,78.5,66.5,7.6,25.8,16.5,55.7,22.9,8300.0,31.1,46.6,19.3,76.3,7.7,10.0,533.1,41.1,0.0,0.0,0.0,0.0,0.0,0.0,0.0,1.0,0.0,0.0
1810342,6.3,10.7,18.5,19.4,132.7,4.5,9.9,81.8,7.7,8.6,8.0,28.9,56.1,19.1,5.0,35.8,83.0,84.8,7.8,24.9,4.7,19.4,15.5,3600.0,40.7,41.0,11.9,91.1,3.0,3.9,19.6,16.4,1.0,0.0,0.0,0.0,0.0,0.0,0.0,0.0,0.0,0.0
1822000,18.7,10.9,16.8,27.1,209.4,37.3,18.2,58.2,11.8,15.2,15.1,33.8,78.2,33.3,31.6,-26.8,76.5,64.3,15.8,36.2,23.1,37.3,31.1,11800.0,32.3,40.3,25.2,52.8,6.4,13.7,686.6,41.9,0.0,0.0,0.0,0.0,0.0,0.0,0.0,0.0,1.0,0.0
1823278,17.5,10.3,21.4,18.1,158.6,2.9,13.0,80.8,6.1,9.4,7.4,24.2,97.1,18.8,2.6,30.8,80.5,81.3,2.3,25.8,7.0,24.4,14.7,4000.0,41.2,45.3,13.6,84.3,3.5,4.3,50.1,16.4,1.0,0.0,0.0,0.0,0.0,0.0,0.0,0.0,0.0,0.0
1825000,14.8,10.9,17.8,29.1,231.3,27.1,16.4,65.1,11.1,13.4,13.5,32.2,88.9,25.6,22.0,-16.7,77.4,76.8,18.8,34.8,8.3,47.8,25.7,10100.0,27.9,60.3,21.8,60.8,7.0,13.3,364.8,29.5,0.0,0.0,0.0,0.0,0.0,0.0,1.0,0.0,0.0,0.0
1831000,21.3,11.1,16.3,27.0,198.7,33.5,17.6,50.8,13.1,14.7,15.8,34.5,78.3,30.9,41.1,-21.8,74.5,50.2,11.5,39.1,14.2,66.3,33.5,9300.0,25.1,74.0,23.0,59.0,9.5,16.9,620.3,48.6,0.0,0.0,0.0,0.0,0.0,0.0,0.0,0.0,0.0,1.0
1836003,17.6,10.8,18.6,25.942959340393518,242.42349042538854,30.1,18.17642435239605,57.6,11.9,14.1,13.1,29.9,74.0,34.3,22.5,-17.1,75.7,70.3,21.3,32.9,17.11456204367058,34.8,27.1,10225.512723224525,29.9,69.6,24.1,56.5,8.1,14.1,1372.0,29.8,0.0,0.0,0.0,0.0,0.0,0.0,0.0,1.0,0.0,0.0
1840788,11.0,10.5,16.5,23.2,214.6,27.3,22.7,58.8,9.4,14.4,12.9,28.8,71.7,31.9,23.3,-21.0,77.9,75.5,8.6,32.2,17.6,39.2,26.4,10500.0,30.0,45.6,21.9,71.8,6.6,15.1,510.9,35.4,0.0,0.0,0.0,0.0,0.0,0.0,0.0,1.0,0.0,0.0
1851876,12.2,10.0,16.2,23.9,266.4,35.8,18.4,55.8,10.5,16.9,13.9,31.0,85.1,35.9,29.6,-35.5,76.3,81.2,18.4,35.0,18.0,47.3,28.9,13600.0,30.7,36.2,24.0,55.9,9.5,12.8,353.5,36.2,0.0,0.0,0.0,0.0,0.0,0.0,0.0,0.0,0.0,1.0
1871000,23.1,10.8,17.0,27.1,237.1,37.3,23.3,55.1,13.2,15.1,15.7,36.2,82.8,29.6,34.4,-27.7,76.4,71.8,17.1,38.6,22.5,65.5,32.4,11300.0,29.5,65.8,25.0,40.8,9.0,15.6,1053.1,43.1,0.0,0.0,0.0,0.0,0.0,0.0,0.0,0.0,1.0,0.0
1912000,18.5,9.3,20.5,22.8,183.9,13.6,15.7,73.1,8.4,11.1,9.9,29.3,85.9,25.3,20.8,-5.9,79.6,75.9,8.9,32.2,10.0,67.6,22.2,7200.0,41.9,36.9,16.6,72.3,4.1,5.8,285.6,35.2,0.0,0.0,0.0,0.0,1.0,0.0,0.0,0.0,0.0,0.0
1919000,22.5,9.9,21.5,29.6,190.2,24.5,14.9,67.9,10.0,11.9,11.0,29.2,83.1,30.0,29.1,-14.2,77.8,63.4,9.6,32.6,15.9,60.3,24.2,8400.0,37.4,51.0,19.7,61.1,4.2,7.7,733.1,42.1,0.0,0.0,0.0,0.0,0.0,0.0,0.0,1.0,0.0,0.0
1921000,11.8,8.5,19.8,23.8,215.7,27.5,17.2,65.7,9.7,12.6,11.7,28.1,82.5,31.8,32.4,-14.7,77.0,63.9,13.4,32.8,16.2,58.1,24.9,9400.0,36.8,61.8,22.1,60.1,6.5,9.2,684.0,45.0,0.0,0.0,0.0,0.0,0.0,0.0,0.0,0.0,1.0,0.0
1938595,17.6,9.2,24.1,18.9,161.2,16.1,15.2,70.6,5.4,12.2,7.8,19.3,90.2,38.3,16.5,-17.6,83.0,61.6,8.8,25.3,7.3,83.5,18.8,5600.0,41.3,51.3,15.4,73.3,4.6,7.6,215.5,43.1,0.0,0.0,0.0,0.0,0.0,0.0,0.0,1.0,0.0,0.0
1973335,13.8,8.6,19.4,30.9,170.0,19.5,17.2,64.2,10.0,12.6,12.2,29.2,83.8,24.7,35.4,-15.3,78.1,73.2,14.9,36.2,15.189874500667862,67.5,26.4,7800.0,36.6,53.9,19.6,65.5,5.3,10.3,435.5,40.4,0.0,0.0,0.0,0.0,0.0,0.0,0.0,0.0,1.0,0.0
1982425,24.3,8.9,20.9,25.2,218.1,23.4,11.9,66.4,11.2,12.1,11.7,33.1,84.5,28.5,30.4,-18.7,78.1,75.8,20.0,34.9,6.1,62.3,26.7,8700.0,43.2,51.2,19.7,51.5,6.9,9.2,498.9,35.4,0.0,0.0,0.0,0.0,0.0,0.0,0.0,1.0,0.0,0.0
2036000,21.9,8.9,14.3,28.2,203.3,32.3,14.7,51.9,12.9,13.6,13.6,35.0,85.8,34.2,29.8,-23.7,75.8,68.3,18.7,43.6,3.1,46.5,35.3,9600.0,26.6,82.5,25.1,23.0,8.4,22.9,881.7980341391767,34.2,0.0,0.0,0.0,0.0,0.0,0.0,0.0,0.0,1.0,0.0
2038900,14.3,8.7,20.7,23.2,169.8,14.4,15.2,67.2,5.9,12.1,8.7,20.4,92.4,36.7,12.7,-12.6,80.3,67.0,5.4,26.0,7.0,66.4,17.8,6200.0,35.0,51.3,16.6,49.4,4.3,10.1,303.0898541422116,39.7,0.0,0.0,0.0,0.0,0.0,1.0,0.0,0.0,0.0,0.0
2052575,4.6,8.7,19.9,19.4,164.8,8.1,13.1,74.0,6.8,9.7,8.0,24.6,98.6,23.0,6.6,16.0,79.6,79.9,9.0,26.2,6.1,68.4,16.9,4800.0,35.8,51.2,15.6,55.3,3.8,9.1,192.0,28.0,1.0,0.0,0.0,0.0,0.0,0.0,0.0,0.0,0.0,0.0
2053775,5.1,8.8,18.3,22.0,126.3,5.9,9.1,78.0,7.2,8.4,7.5,26.7,95.0,24.7,9.0,16.9,81.4,73.6,9.2,24.1,5.1,72.8,15.4,4200.0,38.0,48.1,12.5,62.8,3.7,6.5,217.1,35.2,1.0,0.0,0.0,0.0,0.0,0.0,0.0,0.0,0.0,0.0
2071000,29.6,8.6,14.1,31.5,211.6,21.7,14.8,62.6,11.3,12.6,12.2,35.2,91.8,29.1,25.5,-17.7,77.8,75.9,11.9,36.6,9.2,69.9,26.1,10500.0,35.1,55.6,19.9,25.2,6.0,12.8,609.5,34.5,0.0,0.0,0.0,0.0,0.0,0.0,1.0,0.0,0.0,0.0
2079000,23.6,8.8,14.8,22.8,201.1,23.7,18.9,62.8,10.3,12.2,11.8,31.8,84.9,28.1,22.1,-13.3,77.5,76.2,16.6,31.3,6.9,51.5,26.9,8900.0,29.9,66.4,22.3,28.6,6.2,15.0,1030.3,35.0,0.0,0.0,0.0,0.0,0.0,0.0,1.0,0.0,0.0,0.0
2146027,17.3,9.9,18.4,24.2,165.6,22.9,13.4,65.0,9.6,13.3,13.0,32.6,89.1,30.2,13.8,-9.2,78.0,71.4,15.3,32.4,32.0,51.7,24.8,7800.0,39.7,58.1,20.5,54.6,6.1,9.6,363.0,34.2,0.0,0.0,0.0,0.0,1.0,0.0,0.0,0.0,0.0,0.0
2148006,31.3,10.7,18.1,26.176875308311725,242.08110191946622,24.4,17.421358430629297,62.8,11.5,14.3,14.3,39.7,88.5,29.3,24.2,-12.4,76.6,63.7,22.3,34.2,25.91061187675895,37.7,26.3,10107.231605558454,39.8,58.0,23.2,42.0,6.9,8.6,724.0,51.0,0.0,0.0,0.0,0.0,0.0,0.0,1.0,0.0,0.0,0.0
2240735,16.8,9.0,18.4,31.5,277.7,26.1,19.1,58.5,10.7,13.7,12.9,35.4,79.5,30.4,12.4,-12.1,78.5,69.8,21.0,32.6,5.1,34.2,26.7,8800.0,29.5,58.2,21.7,42.5,5.2,14.8,573.1,41.6,0.0,0.0,0.0,0.0,1.0,0.0,0.0,0.0,0.0,0.0
2241155,18.9,9.0,16.8,39.1,333.4,36.0,23.1,53.8,14.0,14.4,14.8,41.5,76.7,33.1,18.6,-21.5,75.1,75.9,28.2,39.1,20.45649348764328,17.0,31.7,13700.0,26.8,62.8,23.2,38.8,7.9,16.2,850.2,37.5,0.0,0.0,0.0,0.0,0.0,0.0,0.0,1.0,0.0,0.0
2255000,21.4,9.0,19.5,23.7,228.9,38.3,18.1,56.4,13.0,13.3,12.7,38.0,70.8,44.2,33.8,-23.1,75.9,49.5,33.1,33.8,7.5,79.1,26.8,10400.0,26.8,62.8,20.6,48.7,8.7,14.1,1163.9,57.6,0.0,0.0,0.0,0.0,0.0,0.0,0.0,0.0,1.0,0.0
2360545,14.4,7.8,19.5,19.3,161.6,24.4,13.6,66.3,7.9,12.9,10.7,27.5,87.9,39.6,40.8,-12.3,79.37232399751541,47.3,10.2,26.3,37.5,86.9,17.7,7900.0,38.9,45.2,16.5,52.8,4.8,10.2,279.1,61.3,0.0,0.0,0.0,0.0,0.0,0.0,0.0,0.0,1.0,0.0
2507000,29.2,7.4,22.8,20.3,139.8,29.7,12.2,66.6,8.4,13.9,10.5,25.1,72.1,43.1,42.1,-2.5,79.9,18.8,25.8,22.9,26.8,99.5,19.9,6100.0,27.6,84.3,16.4,29.7,7.3,4.2,694.2,87.0,0.0,0.0,0.0,0.0,0.0,0.0,0.0,0.0,0.0,1.0
2509000,20.8,6.9,17.2,23.4,183.4,24.4,14.1,57.6,12.6,16.6,15.5,36.0,77.8,44.1,35.7,-13.2,78.1,52.7,5.8,32.0,48.5,68.1,29.8,9500.0,26.0,80.7,24.8,24.4,9.7,4.3,967.2,49.7,0.0,0.0,0.0,0.0,0.0,0.0,0.0,0.0,1.0,0.0
2511000,20.7,7.4,20.6,17.1,117.2,13.6,14.1,72.2,5.4,10.9,7.2,20.4,92.2,36.6,40.2,16.7,82.0,24.8,6.4,20.5,16.7,98.0,15.1,4200.0,33.5,72.0,12.0,53.8,5.2,2.6,287.8,87.0,0.0,0.0,0.0,0.0,0.0,0.0,0.0,0.0,1.0,0.0
2523000,32.9,7.1,16.4,16.7,183.4,31.0,11.5,58.6,11.2,18.2,16.5,34.3,81.5,40.7,46.6,-28.5,76.7,47.0,7.7,30.6,57.1,73.3,30.6,10300.0,27.2,50.0,27.2,36.3,10.2,5.9,989.9,65.3,0.0,0.0,0.0,0.0,0.0,0.0,0.0,0.0,0.0,1.0
2537000,13.2,7.2,16.4,18.6,175.3,30.5,17.6,57.1,9.7,15.0,12.9,28.3,79.6,45.0,40.2,-18.0,77.7,50.6,8.5,26.2,51.2,91.2,26.7,8700.0,27.2,79.8,20.1,43.8,8.4,5.8,293.1,63.7,0.0,0.0,0.0,0.0,0.0,0.0,0.0,0.0,0.0,1.0
2537490,16.3,7.1,16.6,24.8,193.9,27.2,15.6,63.1,11.7,15.2,14.2,29.5,75.9,44.5,49.0,-12.0,78.4,43.1,8.8,28.3,53.0,96.5,26.9,8200.0,24.3,81.2,20.7,30.7,6.3,6.1,723.3,67.6,0.0,0.0,0.0,0.0,0.0,0.0,0.0,0.0,0.0,1.0
2545000,22.3,6.8,15.9,21.5,171.5,34.8,14.4,57.6,11.8,18.3,16.9,34.5,74.9,40.9,44.8,-24.6,77.2,50.9,11.6,31.6,53.4,76.6,31.3,9700.0,26.8,65.9,26.6,38.7,9.1,6.0,666.4,65.5,0.0,0.0,0.0,0.0,0.0,0.0,0.0,0.0,0.0,1.0
2545560,8.4,7.4,18.2,19.3,101.3,3.9,9.1,79.0,6.9,9.2,7.9,26.4,97.0,30.7,45.1,44.0,85.1,53.1,2.0,20.0,13.4,84.7,14.5,3200.0,36.2,54.9,9.8,59.2,3.7,2.0,55.5,52.8,0.0,0.0,0.0,0.0,0.0,0.0,0.0,1.0,0.0,0.0
2555745,15.2,7.1,17.4,23.0,162.8,11.6,13.0,70.3,8.6,11.8,10.4,29.4,94.2,39.1,35.5,2.7,79.3,47.5,6.4,24.1,39.3,94.3,20.4,6400.0,29.4,62.7,15.9,59.6,5.8,4.0,410.3,59.0,0.0,0.0,0.0,0.0,0.0,0.0,0.0,1.0,0.0,0.0
2567000,24.2,8.0,16.3,28.8,187.5,42.3,17.2,58.7,13.3,17.1,16.5,31.7,79.2,46.2,40.9,-30.1,76.9,51.3,12.1,36.2,27.3,92.9,34.5,9000.0,26.1,75.7,23.5,30.9,11.1,5.1,877.3,58.6,0.0,0.0,0.0,0.0,0.0,0.0,0.0,0.0,0.0,1.0
2582000,10.1,7.1,18.3,20.4,158.6,31.2,11.2,61.3,9.8,14.6,12.9,30.1,87.1,42.3,42.0,-17.9,78.7,52.5,9.7,28.5,39.4,74.4,26.4,8300.0,29.5,74.0,21.1,29.9,7.5,3.7,732.3,55.8,0.0,0.0,0.0,0.0,0.0,0.0,0.0,0.0,0.0,1.0
2603000,9.5,10.0,23.0,20.0,133.3,10.8,10.9,75.5,5.7,12.3,7.9,19.1,90.7,36.3,22.7,-0.1,81.9,68.3,7.9,23.4,11.2,91.5,15.7,3900.0,39.9,62.4,13.2,61.7,5.3,3.8,219.3,50.6,0.0,0.0,0.0,0.0,0.0,0.0,0.0,1.0,0.0,0.0
2621000,10.4,10.6,21.0,14.8,225.5,40.9,14.1,64.7,9.8,16.5,15.8,32.6,92.6,35.2,39.3,-14.2,79.7,33.1,10.2,33.2,16.5,63.4,25.8,6100.0,31.1,33.5,25.3,39.7,8.4,9.7,268.0,58.4,0.0,0.0,0.0,0.0,0.0,0.0,0.0,0.0,0.0,1.0
2627440,12.9,10.3,17.9,24.4,200.5,8.6,11.7,79.5,8.9,10.2,10.7,32.0,90.1,29.2,12.9,12.9,80.0,74.8,7.3,24.3,10.6471098736315,17.1,18.8,5100.0,33.9,65.2,14.9,49.0,3.8,5.5,114.6,24.3,0.0,1.0,0.0,0.0,0.0,0.0,0.0,0.0,0.0,0.0
2642160,35.5,10.1,20.6,16.1,199.6,35.6,13.1,61.2,9.0,16.0,13.4,26.4,68.4,37.1,32.4,-24.8,76.9,65.2,12.6,37.4,28.1,60.3,23.1,9800.0,31.5,65.9,20.5,33.5,8.8,10.2,1203.1,45.5,0.0,0.0,0.0,0.0,0.0,0.0,0.0,0.0,0.0,1.0
2649000,15.5,10.4,22.4,22.3,225.3,6.3,15.2,78.3,8.4,11.3,11.5,32.3,91.4,20.2,22.1,8.7,79.2,66.0,8.1,28.0,14.5,77.5,18.8,5200.0,36.9,30.4,17.1,50.0,4.7,4.5,113.9,34.3,0.0,0.0,1.0,0.0,0.0,0.0,0.0,0.0,0.0,0.0
2669035,7.2,10.3,19.6,16.1,185.6,4.5,16.7,81.4,7.8,10.0,10.0,29.2,96.6,23.0,10.0,20.7,81.7,80.5,6.1,22.5,7.2413579988064,16.9,17.3,3900.0,35.5,50.5,14.6,70.1,3.9,4.9,53.4,18.3,1.0,0.0,0.0,0.0,0.0,0.0,0.0,0.0,0.0,0.0
2674900,27.4,10.5,14.8,30.7,281.1,17.5,16.0,72.0,13.3,11.8,13.2,41.7,94.4,40.3,16.6,-11.6,77.1,68.6,7.2,33.1,4.1,38.7,24.4,8300.0,28.0,52.7,17.7,32.7,8.5,8.8,206.7,36.8,0.0,0.0,0.0,1.0,0.0,0.0,0.0,0.0,0.0,0.0
2676460,12.5,10.6,19.9,23.1,206.6,18.6,15.1,69.6,10.3,13.5,13.9,32.9,89.0,27.9,9.2,-1.7,79.7,63.7,7.1,30.9,15.0,27.6,23.4,6000.0,30.4,43.3,22.3,47.5,5.3,9.6,186.1,32.3,0.0,0.0,1.0,0.0,0.0,0.0,0.0,0.0,0.0,0.0
2680700,3.9,10.5,18.4,12.6,199.1,5.0,11.2,80.8,8.3,9.7,10.0,29.7,94.3,20.9,10.5,22.6,81.5,74.8,5.8,21.7,8.050583008798519,13.3,17.8,3900.0,35.2,56.5,14.2,69.9,4.6,5.3,66.3,28.3,1.0,0.0,0.0,0.0,0.0,0.0,0.0,0.0,0.0,0.0
2684000,20.1,10.7,18.6,28.5,254.5,31.4,15.2,63.5,11.6,15.3,16.0,35.6,80.6,32.8,21.2,-18.1,75.6,57.5,10.1,34.0,41.3,45.6,27.4,10400.0,28.7,58.7,25.7,31.1,9.4,10.1,504.2,43.3,0.0,0.0,0.0,0.0,0.0,0.0,1.0,0.0,0.0,0.0
2686000,20.0,10.4,21.6,25.5,308.2,21.0,14.1,69.1,9.6,14.4,13.9,33.6,83.9,32.1,20.0,-15.6,75.4,44.6,11.0,32.8,37.8,40.2,23.9,10200.0,32.6,54.6,22.9,31.4,6.8,8.9,313.8,37.2,0.0,0.0,0.0,0.0,0.0,1.0,0.0,0.0,0.0,0.0
2688940,36.0,10.3,22.2,19.1,222.4,22.1,10.3,66.3,8.9,14.0,13.5,28.4,78.2,29.0,23.4,-13.1,79.3,61.2,11.8,33.2,12.1,55.1,23.7,6700.0,34.9,64.2,21.9,40.7,5.4,10.8,476.6,55.4,0.0,0.0,0.0,0.0,0.0,1.0,0.0,0.0,0.0,0.0
2706616,8.8,7.8,21.8,22.3,130.2,9.7,10.8,76.3,7.6,8.7,8.7,27.8,82.3,26.1,18.2,7.7,81.6,78.8,8.4,22.8,7.2,85.3,16.4,5200.0,40.6,59.2,14.3,56.4,3.9,7.7,164.6,28.2,0.0,0.0,1.0,0.0,0.0,0.0,0.0,0.0,0.0,0.0
2707966,12.3,7.5,22.1,28.8,154.5,15.8,16.6,70.2,7.4,10.2,9.0,25.3,78.9,32.9,9.2,2.9,79.1,79.5,6.7,25.3,9.5,88.5,18.4,6000.0,37.4,81.6,17.5,45.6,5.1,10.1,356.5,24.3,0.0,1.0,0.0,0.0,0.0,0.0,0.0,0.0,0.0,0.0
2717000,27.4,6.2,22.7,13.2,155.8,18.9,11.8,68.0,8.0,11.6,11.3,24.9,70.4,31.8,40.3,-15.8,79.0,75.1,9.0,29.7,16.1,68.1,19.7,7900.0,38.2,29.9,19.7,56.6,4.7,5.2,323.8,33.7,0.0,0.0,0.0,0.0,0.0,0.0,0.0,0.0,1.0,0.0
2743000,19.0,8.0,23.9,19.0,143.7,28.1,14.2,68.8,6.7,10.9,8.8,22.7,59.9,35.6,40.2,-6.6,78.6,42.4,17.5,25.3,17.2,96.5,17.6,7100.0,36.6,73.3,17.3,39.4,6.0,9.2,1140.2,69.2,0.0,0.0,0.0,0.0,0.0,0.0,0.0,0.0,1.0,0.0
2751730,16.9,7.5,24.0,14.7,89.9,7.9,8.5,80.6,6.1,7.9,7.2,23.6,92.4,25.2,6.7,25.3,83.6,83.4,6.5,21.4,4.5,78.9,13.0,3100.0,43.1,50.2,12.3,76.7,3.1,4.0,83.9,18.4,1.0,0.0,0.0,0.0,0.0,0.0,0.0,0.0,0.0,0.0
2754880,35.6,7.6,20.5,15.7,162.3,13.0,14.2,73.7,7.6,9.7,9.0,23.0,84.4,23.9,14.1,5.3,81.5,78.0,8.9,26.7,5.9,72.1,16.9,4900.0,41.9,49.2,15.6,56.5,4.8,5.7,201.1,30.0,0.0,0.0,1.0,0.0,0.0,0.0,0.0,0.0,0.0,0.0
2758000,19.2,8.1,20.1,20.6,166.8,29.1,15.1,68.1,8.2,11.3,10.2,23.5,70.7,35.4,39.8,-8.9,78.3,47.1,16.2,29.7,8.6,97.7,19.3,7400.0,33.7,81.2,17.6,32.7,6.7,9.1,671.7,58.9,0.0,0.0,0.0,0.0,0.0,0.0,0.0,0.0,1.0,0.0
2829700,14.5,9.1,12.6,32.0,352.5,36.9,22.3,55.1,12.6,15.0,14.6,40.8,87.1,40.6,11.0,-28.7,74.2,87.8,12.7,39.1,9.2,30.8,30.2,11600.0,31.5,62.1,24.0,44.0,10.9,22.3,419.6,31.0,0.0,0.0,0.0,0.0,0.0,1.0,0.0,0.0,0.0,0.0
2915670,13.4,9.3,20.2,19.1,182.1,15.9,15.2,65.7,6.9,14.2,10.6,23.4,90.1,34.6,10.3,-14.7,79.5,78.6,5.6,28.1,4.5,57.4,21.4,6000.0,41.3,52.8,18.2,58.0,4.3,7.5,520.6,30.0,0.0,0.0,0.0,0.0,1.0,0.0,0.0,0.0,0.0,0.0
2935000,24.2,8.7,19.1,21.5,214.9,26.6,17.4,59.5,11.2,14.8,15.4,34.5,93.6,29.3,22.2,-16.7,76.3,76.7,7.0,31.2,9.7,44.3,25.2,9800.0,36.5,48.9,24.5,58.1,6.2,15.0,551.1,34.2,0.0,0.0,0.0,0.0,0.0,0.0,1.0,0.0,0.0,0.0
2938000,17.4,8.8,18.5,25.1,193.2,25.5,15.0,59.2,11.4,14.0,13.8,33.4,86.0,31.9,26.4,-12.9,76.9,73.6,25.2,33.0,8.7,68.3,24.9,9000.0,34.6,66.7,22.3,55.2,5.9,15.1,1772.5,34.2,0.0,0.0,0.0,0.0,0.0,0.0,0.0,1.0,0.0,0.0
2941348,9.0,8.7,21.8,19.2,165.7,7.0,13.7,71.6,8.1,11.5,10.8,28.9,95.5,24.7,6.1,14.9,79.9,84.7,5.6,27.5,6.4,34.8,17.4,5000.0,41.4,39.9,17.9,77.4,3.2,5.2,141.1,34.2,1.0,0.0,0.0,0.0,0.0,0.0,0.0,0.0,0.0,0.0
2954074,10.4,10.4,21.6,14.9,177.8,5.3,11.1,66.7,7.4,12.0,10.5,27.0,91.8,20.5,3.8,17.5,80.7,86.9,5.5,31.4,17.4,15.0,19.9,4800.0,43.2,33.4,19.2,71.9,3.4,5.5,188.1,25.4,1.0,0.0,0.0,0.0,0.0,0.0,0.0,0.0,0.0,0.0
2964550,17.7,9.2,18.6,22.1,216.8,28.5,11.8,51.6,10.9,15.0,16.0,33.9,86.0,26.0,33.3,-19.3,75.9,74.5,9.1,40.9,5.2,59.3,30.1,8600.0,35.4,40.2,26.7,61.1,5.8,12.9,569.6,32.5,0.0,0.0,0.0,0.0,0.0,0.0,0.0,0.0,1.0,0.0
2970000,28.8,8.7,16.1,21.2,245.3,29.7,17.8,51.7,10.1,15.7,14.9,30.4,88.1,35.0,19.6,-29.9,77.6,72.9,8.4,32.4,20.9,45.5,27.6,11000.0,31.7,34.8,24.5,51.9,6.3,17.0,1367.3,38.4,0.0,0.0,0.0,0.0,0.0,0.0,0.0,1.0,0.0,0.0
3006550,17.5,7.3,20.4,27.5,197.0,11.8,14.4,66.4,8.8,11.6,11.7,28.8,84.6,29.3,17.4,-7.2,78.4,77.5,7.3,29.5,6.5,71.7,21.3,8600.0,40.0,33.5,18.7,36.2,3.4,12.7,503.3,35.0,0.0,0.0,0.0,1.0,0.0,0.0,0.0,0.0,0.0,0.0
3050200,17.1,10.9,24.4,28.0,199.5,18.5,15.4,63.6,6.4,11.8,10.4,20.9,85.4,38.5,19.2,-19.4,78.9,68.4,5.7,24.5,14.080117188010647,75.2,16.8,7700.0,37.1,28.0,18.5,58.6,6.2,10.1,502.0,45.5,0.0,0.0,0.0,0.0,0.0,0.0,1.0,0.0,0.0,0.0
3128000,17.6,8.3,24.3,21.9,170.0,17.0,14.8,70.2,7.2,10.7,8.7,23.9,81.9,29.4,18.5,-8.3,79.5,64.1,11.7,28.7,2.9,88.4,19.9,5700.0,41.5,44.1,17.2,63.7,4.1,10.0,336.97074002235445,42.7,0.0,0.0,0.0,0.0,0.0,1.0,0.0,0.0,0.0,0.0
3137000,22.0,8.9,21.7,25.2,172.1,21.4,15.8,67.0,8.9,11.1,10.8,29.4,82.7,31.5,24.3,-7.1,78.2,64.1,24.5,33.2,5.5,79.8,24.5,8000.0,38.1,61.5,19.6,58.1,4.8,12.5,656.6,45.1,0.0,0.0,0.0,0.0,0.0,0.0,1.0,0.0,0.0,0.0
3231900,17.8,6.8,17.2,25.4,174.5,12.2,14.8,67.3,10.0,12.6,12.1,26.2,91.0,32.0,2.9,4.9,78.8,67.7,6.3,23.8,13.2,51.7,20.8,5800.0,33.9,68.5,16.8,67.8,7.2,10.5,199.4,48.8,1.0,0.0,0.0,0.0,0.0,0.0,0.0,0.0,0.0,0.0
3251800,24.7,5.8,16.5,19.3,200.4,22.0,23.8,54.2,11.3,15.8,14.4,25.7,81.7,37.0,3.8,-8.4,76.6,63.5,10.1,29.0,7.7,62.8,27.8,6300.0,27.3,85.0,21.1,53.6,8.9,17.7,1068.0,35.7,0.0,0.0,1.0,0.0,0.0,0.0,0.0,0.0,0.0,0.0
3260600,23.1,7.4,19.4,30.5,284.3,19.8,21.6,62.4,9.0,14.8,13.6,27.0,87.3,35.7,10.3,-9.3,77.9,73.1,12.5,25.7,20.0,74.7,22.1,9200.0,30.6,63.5,18.3,44.2,6.7,14.3,706.0,37.6,0.0,0.0,0.0,1.0,0.0,0.0,0.0,0.0,0.0,0.0
3268400,22.1,7.5,19.5,30.2,249.2,14.9,19.7,63.1,9.2,14.6,13.9,27.7,87.7,34.2,7.2,-5.1,77.5,63.7,7.7,26.0,16.2,72.5,22.5,8200.0,29.9,65.9,18.6,45.9,7.2,13.7,500.4,40.7,0.0,1.0,0.0,0.0,0.0,0.0,0.0,0.0,0.0,0.0
3345140,27.4,6.9,17.9,14.5,188.8,21.4,13.0,64.0,9.0,13.4,12.8,28.5,78.2,40.0,32.1,-7.8,77.6,77.4,8.9,29.5,68.8,61.2,24.6,9400.0,35.0,47.6,20.8,30.5,5.5,12.8,675.9,48.4,0.0,0.0,0.0,0.0,0.0,0.0,0.0,1.0,0.0,0.0
3350260,24.9,7.0,17.6,15.0,149.8,15.7,15.8,67.9,8.9,12.1,11.9,28.3,87.4,34.4,21.4,3.7,79.7,78.5,9.2,28.2,39.8,53.3,22.8,7000.0,36.8,55.5,18.2,46.9,5.5,9.5,171.9,37.0,0.0,0.0,0.0,0.0,1.0,0.0,0.0,0.0,0.0,0.0
3413690,7.2,9.7,16.8,24.7,187.6,14.8,17.7,71.4,8.8,11.2,11.5,30.7,87.1,44.3,35.0,7.9,80.0,40.9,11.0,27.8,9.4,87.3,29.3,4600.0,31.6,73.8,16.1,40.8,4.8,13.3,215.0,62.8,0.0,0.0,0.0,0.0,0.0,0.0,1.0,0.0,0.0,0.0
3421000,15.6,9.8,14.3,18.6,176.2,26.0,18.3,55.6,12.0,14.6,15.8,32.2,79.5,53.4,30.9,-17.8,79.4,15.0,9.7,34.5,16.8,90.4,40.3,6500.0,24.6,65.4,20.3,30.3,8.7,25.3,807.5,80.9,0.0,0.0,0.0,0.0,0.0,0.0,0.0,0.0,1.0,0.0
3474000,1.4,9.5,14.4,23.8,238.8,38.3,17.4,52.8,13.7,17.0,17.8,35.4,71.3,48.5,50.6,-30.9,74.9,40.9,18.9,38.9,22.0,88.7,42.2,11500.0,22.0,70.0,23.8,18.5,13.0,22.6,1280.8,72.3,0.0,0.0,0.0,0.0,0.0,0.0,0.0,0.0,0.0,1.0
3502000,21.7,6.4,15.4,24.8,207.1,25.5,17.1,65.9,9.3,12.6,12.9,26.5,74.93295800373754,34.3,12.2,-13.3,78.5,63.1,12.9,27.7,22.2,86.4,18.7,9100.0,35.6,66.2,15.9,23.5,6.5,12.1,1380.2,42.7,0.0,0.0,0.0,0.0,1.0,0.0,0.0,0.0,0.0,0.0
3539380,27.7,6.9,17.0,28.6,208.7,32.4,14.3,65.3,10.9,12.5,13.4,28.1,75.68938519026423,35.0,9.6,-24.0,79.0,82.7,6.2,28.8,17.1,70.0,19.9,9400.0,29.6,56.0,15.4,29.8,8.3,12.0,579.7971247934141,33.7,0.0,0.0,0.0,0.0,0.0,1.0,0.0,0.0,0.0,0.0
3563460,19.8,6.2,16.8,23.7,188.0,16.3,15.1,67.0,8.8,11.8,12.1,25.7,82.34223551737314,31.0,2.9,-3.1,80.2,85.9,3.4,25.4,13.7,58.5,16.1,6000.0,30.0,66.3,16.0,32.9,7.2,8.5,179.6,42.7,0.0,1.0,0.0,0.0,0.0,0.0,0.0,0.0,0.0,0.0
3570500,29.5,5.8,14.7,27.3,160.8,22.8,13.5,68.7,10.0,11.0,12.4,27.0,78.03990144286823,33.6,13.4,-5.3,80.2,73.2,15.5,18.8,29.7,64.0,16.3,8100.0,29.1,56.8,13.4,32.1,5.6,18.7,348.5,40.0,0.0,0.0,0.0,0.0,1.0,0.0,0.0,0.0,0.0,0.0
3601000,28.6,8.1,18.5,26.8,229.1,30.5,14.3,63.7,9.4,13.4,11.6,28.9,69.2,41.5,45.0,-20.3,78.1,68.1,14.4,31.0,15.6,56.3,24.6,8100.0,34.4,78.8,19.5,23.2,7.1,8.0,890.0,64.9,0.0,0.0,0.0,0.0,0.0,0.0,0.0,0.0,0.0,1.0
3649121,33.5,9.7,15.6,23.4,201.4,20.3,17.7,60.4,12.9,12.6,13.5,35.6,60.8,52.1,45.1,-6.4,79.9,14.7,16.3,30.5,7.6,99.0,30.3,5900.0,29.6,63.9,17.6,34.5,8.7,11.3,640.6,76.0,0.0,0.0,0.0,0.0,0.0,0.0,0.0,0.0,1.0,0.0
3650617,22.3,9.7,18.0,21.8,186.2,14.2,9.1,67.7,9.8,10.9,11.5,28.7,78.6,45.7,40.4,13.1,81.8,24.8,13.5,23.8,10.3,91.0,25.7,3900.0,34.8,78.6,14.1,45.5,7.3,12.2,229.5,67.3,0.0,0.0,0.0,0.0,0.0,0.0,0.0,1.0,0.0,0.0
3684000,17.9,9.8,17.1,20.2,175.9,25.3,12.3,63.0,10.8,12.0,13.0,29.6,82.2,44.0,36.5,-1.2,81.0,23.3,15.0,25.5,15.6,88.0,29.2,5300.0,33.4,80.0,15.9,37.2,8.0,11.3,405.6,70.6,0.0,0.0,0.0,0.0,0.0,0.0,0.0,0.0,1.0,0.0
3702140,12.5,7.8,15.5,26.7,179.8,21.1,14.2,63.9,9.4,11.7,11.0,30.9,90.1,35.7,22.9,-13.2,77.9,73.6,11.5,26.6,24.2,43.8,19.6,8000.0,39.6,45.6,16.5,64.2,4.4,13.7,416.0912579755656,36.1,0.0,0.0,0.0,0.0,0.0,0.0,1.0,0.0,0.0,0.0
3710740,11.8,10.3,17.9,19.3,135.9,7.3,9.6,75.5,6.9,9.7,7.8,25.2,92.3,21.7,3.3,28.3,81.7,65.3,11.9,23.4,6.5,36.4,14.4,3100.0,47.1,67.3,12.2,78.1,3.8,7.9,78.50020169168545,25.6,1.0,0.0,0.0,0.0,0.0,0.0,0.0,0.0,0.0,0.0
3712000,12.2,10.1,17.6,23.9,159.8,21.0,11.7,66.2,9.1,11.9,10.3,30.5,79.5,32.8,9.1,-0.9,78.5,68.7,19.1,29.1,10.6,35.7,19.1,6500.0,36.1,79.4,17.1,56.6,7.3,15.6,512.7341653439892,25.9,0.0,0.0,1.0,0.0,0.0,0.0,0.0,0.0,0.0,0.0
3714100,12.9,10.1,15.8,37.6,205.1,15.4,13.8,64.4,9.8,13.1,12.1,32.5,86.9,28.3,11.9,2.0,78.0,85.6,10.3,33.1,25.3,12.2,24.0,8100.0,36.3,64.7,19.7,56.7,7.0,11.0,365.7409619120999,21.4,0.0,0.0,1.0,0.0,0.0,0.0,0.0,0.0,0.0,0.0
3719000,20.0,10.0,15.8,27.5,166.9,26.0,14.0,59.5,9.4,12.7,10.8,29.7,80.7,32.9,12.0,-5.5,79.0,76.0,16.5,30.7,7.1,50.7,22.2,6800.0,35.3,78.0,16.8,47.9,5.8,15.1,547.6846749987164,29.1,0.0,0.0,0.0,1.0,0.0,0.0,0.0,0.0,0.0,0.0
3722920,15.2,9.5,15.6,29.0,243.4,29.3,14.5,63.7,11.0,14.0,11.7,34.6,78.5,38.6,9.2,-19.4,75.9,75.4,6.8,34.2,17.4,10.0,23.2,10000.0,35.4,77.1,18.9,55.9,10.8,13.2,594.2920535601259,20.9,0.0,0.0,0.0,1.0,0.0,0.0,0.0,0.0,0.0,0.0
3725580,22.9,9.9,13.8,25.2,226.5,29.2,17.9,55.5,12.6,14.4,15.0,37.6,84.7,36.0,16.2,-19.0,74.8,78.3,13.2,33.8,21.6,25.0,27.7,10500.0,33.4,59.8,21.5,47.0,9.5,14.5,716.3479098496017,23.0,0.0,0.0,0.0,0.0,0.0,1.0,0.0,0.0,0.0,0.0
3728000,21.5,9.7,16.0,23.8,174.7,27.2,13.1,58.0,10.5,13.2,11.4,33.2,85.6,35.3,12.8,-15.5,78.9,76.9,19.1,35.5,12.2,62.1,22.9,7700.0,39.2,71.1,19.6,52.9,6.5,13.8,640.8247560988816,29.1,0.0,0.0,0.0,0.0,1.0,0.0,0.0,0.0,0.0,0.0
3728080,21.2,8.4,18.6,27.6,199.9,34.9,13.8,60.0,8.7,15.1,10.9,27.6,81.0,44.6,6.8,-28.7,78.6,74.7,11.5,33.3,17.6,33.2,22.1,8400.0,35.0,65.5,20.0,53.1,10.3,12.3,566.3489352655026,33.2,0.0,0.0,0.0,0.0,0.0,0.0,1.0,0.0,0.0,0.0
3731400,17.9,10.0,15.3,21.2,193.5,29.6,16.4,55.6,11.9,14.1,13.2,35.5,89.7,36.8,14.5,-15.0,77.3,77.7,15.5,36.3,17.0,42.4,25.8,7700.0,37.5,75.5,21.8,49.8,8.8,14.8,609.5923575867407,25.9,0.0,0.0,0.0,0.0,0.0,1.0,0.0,0.0,0.0,0.0
3734200,12.7,7.7,23.7,36.6,220.2,19.4,13.7,67.1,5.8,13.8,8.7,22.0,86.8,43.7,9.1,-15.2,77.6,82.1,3.8,24.8,9.2,18.3,19.4,8200.0,35.7,72.1,19.5,60.0,11.1,8.6,353.9782557051452,24.2,0.0,0.0,0.0,1.0,0.0,0.0,0.0,0.0,0.0,0.0
3755000,18.8,10.2,17.7,26.2,171.0,19.7,13.0,66.8,7.8,12.2,9.2,26.8,84.3,31.7,7.9,1.7,80.2,70.4,16.1,27.9,9.5,70.2,17.9,5700.0,43.1,72.3,15.6,63.5,5.0,13.0,392.71174129703525,30.1,0.0,0.0,1.0,0.0,0.0,0.0,0.0,0.0,0.0,0.0
3774440,11.0,7.5,16.6,27.9,224.1,29.9,9.9,63.2,9.7,13.5,11.8,29.1,85.2,40.9,14.6,-17.8,78.0,69.0,17.5,28.8,36.5,36.2,22.6,10100.0,38.4,51.9,19.2,59.4,7.5,13.7,611.1053740790358,33.9,0.0,0.0,0.0,0.0,0.0,0.0,1.0,0.0,0.0,0.0
3775000,31.4,9.3,15.2,26.3,186.1,35.0,15.9,58.1,11.8,14.1,12.9,35.3,81.1,34.4,16.2,-18.6,77.1,78.2,18.3,36.7,15.1,36.4,26.1,7900.0,36.5,71.1,20.1,43.6,8.2,15.5,637.9669456218797,23.0,0.0,0.0,0.0,0.0,0.0,0.0,1.0,0.0,0.0,0.0
3825700,16.5,7.3,24.9,14.6,141.4,13.4,13.0,72.4,6.6,9.9,8.0,24.1,83.8,30.0,13.3,-10.3,80.8,71.1,9.5,32.0,9.1,81.8,17.7,6400.0,38.8,36.6,16.6,48.3,3.2,8.5,428.6,44.0,0.0,0.0,0.0,1.0,0.0,0.0,0.0,0.0,0.0,0.0
3901000,27.3,12.1,15.4,27.3,243.8,35.9,22.0,54.3,12.7,15.6,15.2,36.5,76.5,35.4,37.6,-29.2,75.0,69.0,21.7,35.7,58.9,72.9,32.4,13200.0,26.3,59.2,26.2,23.3,9.5,11.8,693.7,45.2,0.0,0.0,0.0,0.0,0.0,0.0,0.0,0.0,0.0,1.0
3912000,23.8,12.1,15.7,28.4,255.7,49.0,18.1,57.5,14.2,16.9,17.0,36.8,74.9,35.6,42.5,-38.5,75.8,68.7,13.2,40.1,44.7,75.3,35.6,14000.0,28.1,46.5,27.9,20.9,11.8,10.3,1158.5,47.4,0.0,0.0,0.0,0.0,0.0,0.0,0.0,0.0,0.0,1.0
3915000,23.1,10.7,16.9,32.6,253.5,42.8,19.6,58.5,12.8,15.0,13.7,34.1,75.7,38.6,39.2,-27.6,75.3,68.5,24.4,36.3,62.8,76.7,29.5,13200.0,29.0,62.7,22.7,22.6,10.4,10.5,950.6,50.4,0.0,0.0,0.0,0.0,0.0,0.0,0.0,0.0,0.0,1.0
3918000,29.4,10.7,19.0,25.2,213.2,31.1,15.9,63.8,9.6,14.6,12.0,29.7,55.0,34.0,18.3,-14.5,77.0,69.0,20.0,32.0,25.1,58.6,25.8,8900.0,32.3,66.5,22.7,21.4,6.3,11.5,535.0,40.7,0.0,0.0,0.0,0.0,0.0,0.0,1.0,0.0,0.0,0.0
3961000,22.7,11.8,18.5,28.7,221.4,13.5,15.1,70.1,9.7,12.3,12.4,32.5,90.0,26.1,30.0,-11.2,78.2,65.1,8.3,27.4,37.3,52.3,24.8,7800.0,35.8,32.6,22.5,15.1,6.4,7.9,176.1,39.2,0.0,0.0,0.0,0.0,0.0,1.0,0.0,0.0,0.0,0.0
3977000,30.2,10.6,16.8,24.8,272.4,38.2,19.0,59.2,12.8,15.9,15.2,35.6,71.2,34.1,37.5,-31.5,74.9,59.2,18.8,37.3,37.0,80.1,32.5,11500.0,28.9,64.4,26.2,23.6,10.8,10.3,954.1423895387488,45.9,0.0,0.0,0.0,0.0,0.0,0.0,0.0,0.0,0.0,1.0
4009050,14.3,9.2,14.9,30.6,284.1,11.6,19.0,67.2,8.6,12.4,11.7,31.5,90.1,22.3,5.5,4.9,78.4,81.5,6.0,27.5,12.5,24.2,24.0,6900.0,40.7,58.9,17.0,75.6,4.9,11.4,128.7,39.5,1.0,0.0,0.0,0.0,0.0,0.0,0.0,0.0,0.0,0.0
4023200,13.1,8.5,14.6,33.6,259.3,11.9,16.6,71.0,7.5,11.6,10.2,27.2,93.2,26.2,6.1,13.6,80.4,70.7,5.4,26.6,6.9,33.7,20.8,7700.0,43.6,54.5,14.0,83.8,3.5,8.7,174.3,28.2,0.0,1.0,0.0,0.0,0.0,0.0,0.0,0.0,0.0,0.0
4041850,23.0,7.8,14.0,28.7,301.9,26.9,25.0,56.8,10.1,15.4,13.4,32.6,65.9,31.5,15.9,-20.3,74.9,77.9,3.9,30.8,5.0,61.5,30.4,9300.0,34.2,79.0,22.5,41.261647998823236,9.3,16.7,859.1,34.1,0.0,0.0,0.0,0.0,0.0,1.0,0.0,0.0,0.0,0.0
4052500,9.4,8.5,14.7,23.8,244.8,19.0,14.7,65.8,8.0,14.9,11.6,29.0,78.6,30.8,10.1,-9.9,78.0,72.9,5.0,30.0,11.5,50.7,24.2,7400.0,36.6,58.5,16.6,80.9,5.3,11.2,294.2,29.7,0.0,0.0,0.0,1.0,0.0,0.0,0.0,0.0,0.0,0.0
4055000,19.8,8.7,12.8,24.4,230.4,25.8,15.3,59.1,10.7,14.5,14.0,32.6,65.2,29.1,16.4,-8.4,76.0,73.4,19.0,32.7,8.5,37.5,29.5,8400.0,36.6,75.8,19.0,84.3,5.2,18.0,823.2,33.1,0.0,0.0,0.0,0.0,0.0,1.0,0.0,0.0,0.0,0.0
4075000,16.9,9.2,12.8,22.9,314.1,31.0,17.4,58.5,10.9,14.3,14.4,35.4,75.8,31.6,20.0,-15.6,75.8,73.3,16.3,30.3,14.5,59.6,30.2,10400.0,37.2,76.3,19.3,75.5,6.7,19.8,1053.7,39.5,0.0,0.0,0.0,0.0,0.0,0.0,1.0,0.0,0.0,0.0
4105350,18.8,9.3,19.0,29.9,208.7,17.8,16.3,68.8,7.3,11.7,10.1,24.5,86.1,36.1,7.3,2.2,81.6,52.9,7.2,28.5,10.2,91.4,14.7,7300.0,32.4,62.5,14.7,57.2,6.5,11.3,181.3,48.5,0.0,0.0,1.0,0.0,0.0,0.0,0.0,0.0,0.0,0.0
4105800,27.2,7.9,21.0,16.0,145.7,12.5,15.5,68.4,7.5,11.9,10.5,24.5,84.5,37.7,7.0,-1.8,81.3,74.2,5.2,26.0,7.5,64.5,14.1,5100.0,29.7,31.8,15.2,64.3,4.9,13.6,182.4,33.0,0.0,1.0,0.0,0.0,0.0,0.0,0.0,0.0,0.0,0.0
4123850,25.2,8.6,18.8,23.1,150.6,17.7,16.3,70.7,7.8,13.5,11.5,24.0,80.2,44.0,15.3,-16.8,79.7,58.8,6.2,25.6,15.7,87.8,16.3,6900.0,31.4,45.9,16.9,53.1,7.4,10.1,402.7,44.7,0.0,0.0,0.0,0.0,0.0,0.0,1.0,0.0,0.0,0.0
4131250,27.8,8.4,19.0,16.7,136.2,29.0,10.0,64.6,9.1,14.2,12.7,27.1,72.8,43.3,9.6,-13.4,77.9,55.7,6.2,25.2,7.1,73.1,18.1,5100.0,29.9,65.1,20.4,33.8,8.0,12.2,350.8,43.5,0.0,0.0,0.0,1.0,0.0,0.0,0.0,0.0,0.0,0.0
4134100,16.4,8.7,20.3,20.7,139.7,16.0,11.7,67.2,6.8,12.3,10.2,22.6,86.5,32.0,6.3,7.0,81.3,61.5,8.0,29.2,6.2,86.8,15.1,4200.0,32.5,69.5,16.0,46.1,5.3,9.0,266.8,44.9,0.0,1.0,0.0,0.0,0.0,0.0,0.0,0.0,0.0,0.0
4147000,26.6,9.3,18.1,27.7,172.0,25.9,16.7,59.8,10.3,14.4,13.8,30.4,78.8,43.0,14.9,-16.5,77.9,75.3,5.7,28.1,9.9,41.9,18.8,8400.0,30.8,45.7,21.2,48.9,7.1,12.8,476.8,37.4,0.0,0.0,0.0,0.0,0.0,1.0,0.0,0.0,0.0,0.0
4159000,24.5,9.1,20.0,25.5,189.8,19.3,14.4,70.7,7.7,12.1,10.1,24.4,80.9,39.0,31.5,-1.6,79.0,47.1,8.4,22.8,13.0,88.4,14.3,7000.0,32.2,61.0,16.6,51.7,6.6,9.9,539.6,64.7,0.0,0.0,0.0,0.0,0.0,0.0,0.0,1.0,0.0,0.0
4164900,22.5,9.1,16.6,29.8,193.1,21.2,17.6,65.5,9.0,14.2,13.0,29.2,70.0,35.9,16.2,-11.1,79.0,68.2,10.3,34.0,10.0,69.5,19.1,8300.0,32.5,58.0,18.6,43.3,6.8,10.9,395.7,41.8,0.0,0.0,0.0,0.0,0.0,1.0,0.0,0.0,0.0,0.0
4202000,5.9,10.8,17.1,24.6,188.5,39.9,17.1,54.3,12.8,15.6,15.7,33.9,72.6,45.8,37.8,-27.5,77.7,46.0,9.3,36.7,13.8,56.4,31.6,9100.0,31.1,69.6,21.6,38.7,12.4,15.2,465.6,66.2,0.0,0.0,0.0,0.0,0.0,0.0,0.0,0.0,0.0,1.0
4206088,7.7,10.8,18.7,26.1,184.4,22.2,19.4,62.2,10.1,13.2,12.5,31.0,84.7,36.7,34.8,-12.0,78.7,51.0,11.1,31.4,19.7,76.2,27.2,6900.0,35.7,63.8,18.2,53.4,6.3,9.6,790.8,59.4,0.0,0.0,0.0,0.0,0.0,0.0,0.0,0.0,1.0,0.0
4224000,30.2,9.6,17.5,26.3,193.3,39.1,18.8,59.0,11.3,15.9,14.9,31.4,71.9,35.1,42.6,-31.4,76.0,70.8,10.6,38.0,36.0,71.0,28.3,11200.0,35.4,59.7,23.6,31.0,9.1,9.3,305.5,58.4,0.0,0.0,0.0,0.0,0.0,0.0,0.0,0.0,0.0,1.0
4260000,30.9,10.6,21.0,26.9,238.8,36.0,19.0,54.7,12.2,15.3,14.6,32.9,79.0,38.8,42.4,-23.0,75.4,22.3,34.1,29.3,2.0,94.3,27.1,9900.0,33.5,80.1,22.5,34.1,11.3,12.0,957.1,79.0,0.0,0.0,0.0,0.0,0.0,0.0,0.0,0.0,0.0,1.0
4261000,36.3,11.3,22.8,31.9,249.6,30.5,20.8,58.9,9.7,13.5,12.0,30.7,80.3,33.2,45.5,-19.2,76.1,54.7,23.4,30.0,61.1,90.9,22.5,11300.0,41.9,62.4,20.1,47.9,7.0,7.9,657.7,61.9,0.0,0.0,0.0,0.0,0.0,0.0,0.0,0.0,0.0,1.0
4269000,31.9,9.7,18.9,25.6,230.7,34.2,16.8,59.0,11.2,14.9,14.4,33.3,79.4,37.9,47.6,-27.8,75.0,62.3,10.9,31.4,37.9,68.9,28.4,9700.0,33.2,55.5,21.3,45.2,6.3,8.4,259.2,56.6,0.0,0.0,0.0,0.0,0.0,0.0,0.0,0.0,0.0,1.0
4419180,20.7,7.6,16.8,22.2,158.2,14.4,13.1,74.8,9.4,13.0,12.5,31.8,87.4,37.4,32.9,-0.6,80.2,61.6,11.7,26.0,20.6,71.8,25.7,5200.0,37.7,58.4,16.7,46.0,6.7,6.4,137.2,50.2,0.0,0.0,0.0,0.0,0.0,0.0,1.0,0.0,0.0,0.0
4454640,24.5,7.8,15.6,19.1,208.3,30.9,12.6,66.4,11.1,16.2,15.5,33.2,83.1,42.3,42.2,-20.4,77.4,54.2,9.9,30.6,28.9,92.1,31.3,6800.0,33.1,79.3,20.9,33.3,10.5,11.7,435.6,68.2,0.0,0.0,0.0,0.0,0.0,0.0,0.0,0.0,0.0,1.0
4459000,34.5,7.8,15.6,20.1,197.4,36.0,10.6,63.3,10.3,16.4,14.1,28.2,76.5,44.5,45.1,-23.1,78.0,36.3,16.1,29.6,36.7,97.0,31.6,7600.0,30.8,81.1,18.8,20.9,9.7,12.5,536.8,79.0,0.0,0.0,0.0,0.0,0.0,0.0,0.0,0.0,0.0,1.0
4474300,16.2,7.4,17.9,16.4,158.9,6.4,15.0,72.7,9.4,12.8,12.6,35.0,92.2,32.2,30.3,-0.3,79.0,74.5,4.1,28.7,27.9,46.3,22.4,6400.0,36.1,31.6,18.8,47.8,5.9,6.0,118.5,34.9,0.0,0.0,0.0,0.0,0.0,1.0,0.0,0.0,0.0,0.0
4513330,3.7,7.6,21.6,14.7,179.6,16.5,16.7,65.7,9.0,13.0,10.6,28.9,85.0,35.3,15.4,-0.8,78.8,70.4,14.8,27.4,13.7,51.5,20.1,6700.0,42.3,51.7,15.8,54.4,4.8,10.9,298.7,39.6,0.0,0.0,0.0,1.0,0.0,0.0,0.0,0.0,0.0,0.0
4548535,2.6,7.4,22.2,23.6,123.5,4.6,10.9,74.2,7.9,10.7,9.5,28.0,92.1,30.9,4.6,25.1,80.2,68.7,10.4,24.8,13.1,15.3,16.6,4700.0,47.7,39.5,13.2,73.1,3.5,6.8,211.8,20.0,1.0,0.0,0.0,0.0,0.0,0.0,0.0,0.0,0.0,0.0
4550875,6.2,8.0,18.4,18.4,190.2,36.1,17.4,51.7,12.3,16.4,14.7,34.2,82.2,43.6,10.1,-24.9,76.0,78.3,13.9,35.2,15.1,12.6,28.9,8300.0,34.6,71.2,22.2,31.3,7.1,20.9,966.9,26.1,0.0,0.0,0.0,0.0,0.0,1.0,0.0,0.0,0.0,0.0
4561405,13.6,9.6,18.1,31.6,217.2,24.5,13.5,57.3,10.9,15.0,13.4,34.2,86.8,37.6,9.9,-17.7,76.9,77.5,12.3,34.1,15.7,41.7,30.1,9600.0,36.5,61.5,20.7,40.6,7.6,12.6,667.6,29.3,0.0,0.0,0.0,1.0,0.0,0.0,0.0,0.0,0.0,0.0
4652980,32.7,6.6,18.1,15.7,186.4,24.4,11.6,66.2,8.7,11.5,11.9,30.5,75.1,31.1,16.2,-13.3,79.3,81.4,7.8,28.0,22.496655800135365,51.7,19.9,8700.0,41.9,42.5,19.4,47.2,4.6,14.1,662.6,29.6,0.0,0.0,0.0,0.0,1.0,0.0,0.0,0.0,0.0,0.0
4659020,16.0,8.3,20.0,23.5,185.7,14.1,16.3,71.5,7.7,10.4,9.9,25.9,84.4,24.9,14.4,-5.4,79.9,76.0,12.5,31.5,5.8,63.5,18.6,6600.0,43.3,42.2,19.0,50.2,3.6,8.8,477.1,37.3,0.0,0.0,1.0,0.0,0.0,0.0,0.0,0.0,0.0,0.0
4714000,12.3,9.4,12.8,24.0,264.7,32.8,15.6,58.5,13.0,14.8,15.5,40.1,85.7,34.0,20.3,-19.6,76.9,81.1,25.3,33.7,15.6,36.6,29.4,11000.0,29.4,59.0,23.3,31.0,7.4,13.3,1085.7,29.2,0.0,0.0,0.0,0.0,0.0,0.0,1.0,0.0,0.0,0.0
4715160,13.0,9.2,16.6,20.1,244.1,19.6,22.3,59.9,9.3,15.1,13.3,31.3,94.4,31.6,7.4,-13.2,76.3,88.6,7.2,36.5,9.6,21.5,26.2,8600.0,33.7,68.4,22.9,51.9,7.6,10.4,653.5,17.5,0.0,0.0,1.0,0.0,0.0,0.0,0.0,0.0,0.0,0.0
4740000,26.0,9.5,14.7,26.6,259.5,37.0,19.6,55.9,10.6,16.1,15.1,34.9,85.2,35.8,21.0,-27.7,76.1,79.3,17.0,32.1,54.4,49.3,26.9,13200.0,33.8,45.7,23.9,41.3,6.7,13.3,911.2,31.0,0.0,0.0,0.0,0.0,0.0,0.0,0.0,1.0,0.0,0.0
4751560,13.5,9.8,17.2,23.1,277.2,16.2,19.7,60.1,8.1,14.1,11.7,28.4,95.8,31.4,6.6,-5.8,77.7,78.6,7.2,29.7,16.4,15.1,23.9,8700.0,33.2,55.8,21.6,52.8,5.7,10.9,602.4,23.9,0.0,0.0,1.0,0.0,0.0,0.0,0.0,0.0,0.0,0.0
4752006,22.0,9.8,16.5,25.57894497862388,229.3465625029549,28.2,17.594325609739496,62.2,9.9,13.8,13.1,32.9,79.6,33.5,14.6,-7.8,76.9,69.9,18.9,31.6,18.89178066470373,44.4,26.1,9713.103774541254,33.0,70.0,22.0,32.5,5.3,15.3,1193.3,28.3,0.0,0.0,0.0,0.0,1.0,0.0,0.0,0.0,0.0,0.0
4801000,13.0,7.1,17.9,31.4,260.4,23.0,17.3,53.1,10.7,13.3,13.0,30.3,91.6,30.2,20.5,-15.6,76.1,80.1,11.9,34.2,5.5,27.4,27.9,9300.0,32.3,64.5,20.8,76.2,4.6,17.5,518.7,30.9,0.0,0.0,0.0,0.0,0.0,0.0,1.0,0.0,0.0,0.0
4801924,6.7,9.3,19.4,17.6,215.5,6.7,15.4,69.3,7.3,10.0,8.6,24.2,97.7,26.4,2.6,32.6,81.6,75.0,4.1,27.3,4.1,76.0,19.1,3800.0,38.2,70.7,13.8,90.8,4.4,9.1,105.6,28.0,1.0,0.0,0.0,0.0,0.0,0.0,0.0,0.0,0.0,0.0
4803000,16.5,7.2,18.1,19.2,262.7,22.6,16.7,59.0,11.0,13.0,13.1,31.6,87.9,27.2,19.2,-10.5,76.1,71.8,20.4,33.5,6.5,46.2,27.7,9400.0,32.3,66.5,19.3,77.3,4.2,19.7,768.3,38.7,0.0,0.0,0.0,0.0,0.0,1.0,0.0,0.0,0.0,0.0
4804000,13.1,9.5,17.1,23.0,209.9,24.0,16.1,57.4,10.6,12.5,11.8,28.7,87.2,34.0,7.2,-5.3,77.7,65.7,12.7,31.9,4.4,55.9,28.1,6300.0,36.4,83.0,18.7,71.4,5.5,20.9,535.0,37.4,0.0,0.0,1.0,0.0,0.0,0.0,0.0,0.0,0.0,0.0
4805000,13.8,9.1,20.9,20.8,168.0,21.4,12.7,65.0,7.9,11.4,9.4,22.5,89.9,36.4,8.5,3.3,79.9,75.1,16.3,25.4,8.9,56.4,20.4,5300.0,32.3,74.1,14.9,76.1,4.4,16.5,444.2,40.3,0.0,0.0,1.0,0.0,0.0,0.0,0.0,0.0,0.0,0.0
4806128,20.3,10.2,16.9,30.3,244.4,23.4,23.2,55.4,11.7,13.4,13.5,31.3,90.4,29.1,14.8,-11.8,76.9,80.4,8.9,32.5,10.5,46.0,29.4,10100.0,28.9,71.5,17.5,70.0,9.5,25.3,382.4,31.5,0.0,0.0,0.0,0.0,1.0,0.0,0.0,0.0,0.0,0.0
4807000,25.2,9.4,15.3,17.7,252.5,30.8,17.5,53.9,13.7,13.2,13.5,36.5,81.9,31.2,15.0,-18.4,75.7,76.7,15.0,39.1,13.68094220361337,26.3,30.3,10800.0,28.4,72.6,19.9,60.9,5.6,23.4,1069.4,32.6,0.0,0.0,0.0,0.0,0.0,1.0,0.0,0.0,0.0,0.0
4810912,11.6,9.1,17.4,19.9,215.0,32.0,15.3,60.2,9.7,13.9,12.5,27.6,81.9,35.8,11.1,-18.3,77.6,73.1,15.3,32.8,3.8377823457973577,62.1,25.8,7000.0,31.0,72.5,18.9,68.1,5.2,22.4,450.6,32.9,0.0,0.0,0.0,0.0,0.0,1.0,0.0,0.0,0.0,0.0
4813024,12.7,9.6,17.8,17.7,162.4,17.0,18.1,64.2,9.5,11.1,10.6,28.0,95.4,29.6,5.2,11.3,79.9,71.9,13.7,30.6,4.6,55.1,23.8,4700.0,33.0,82.4,16.1,78.8,3.8,20.1,128.4,34.5,0.0,1.0,0.0,0.0,0.0,0.0,0.0,0.0,0.0,0.0
4815976,6.9,9.1,20.5,22.3,139.7,17.5,13.202150781888125,65.5,4.5,14.2,8.0,16.1,91.3,46.1,4.9,-23.0,79.5,83.4,6.7,24.5,1.9919273042552845,73.4,18.2,4500.0,34.6,65.9,15.5,82.9,4.6,9.6,219.7,33.3,0.0,0.0,0.0,0.0,0.0,1.0,0.0,0.0,0.0,0.0
4817000,19.0,8.6,18.1,19.1,214.6,22.7,17.5,56.9,14.4,12.2,14.1,32.5,86.7,30.9,15.2,-9.6,77.5,78.5,16.2,37.2,9.9,74.9,30.0,8200.0,30.7,57.4,16.7,71.2,5.6,20.3,722.7,40.6,0.0,0.0,0.0,0.0,1.0,0.0,0.0,0.0,0.0,0.0
4819000,13.2,9.4,16.9,24.1,225.7,34.2,17.2,54.6,11.7,13.2,12.8,31.7,84.3,37.0,15.5,-10.8,77.8,60.1,26.8,35.2,6.7,63.6,29.9,7800.0,28.9,80.2,18.3,64.1,5.9,27.3,811.1,65.5,0.0,0.0,0.0,0.0,0.0,0.0,1.0,0.0,0.0,0.0
4819972,17.1,9.2,19.5,22.7,218.5,20.5,16.7,61.1,7.5,13.0,10.1,24.4,94.5,40.1,7.0,-10.6,79.0,84.5,8.3,31.1,5.0,40.3,22.2,6500.0,33.9,61.4,17.8,73.6,6.4,18.4,323.9,33.2,0.0,0.0,0.0,1.0,0.0,0.0,0.0,0.0,0.0,0.0
4822660,34.4,8.8,15.9,19.8,279.7,33.8,17.5,52.6,10.9,12.5,12.2,26.7,87.8,32.8,5.7,-19.6,80.6,77.4,12.2,31.2,0.0,25.8,26.9,6500.0,27.3,27.2,14.4,79.2,6.1,25.3,354.3,42.1,0.0,0.0,0.0,0.0,0.0,1.0,0.0,0.0,0.0,0.0
4824000,13.9,7.8,17.5,24.3,192.4,28.5,13.9,53.3,14.4,12.5,14.5,31.1,85.5,32.2,13.1,-18.7,79.0,66.9,14.0,34.5,6.2,56.3,29.4,6600.0,25.3,41.6,15.6,77.8,6.9,23.1,384.8,41.5,0.0,0.0,0.0,0.0,0.0,1.0,0.0,0.0,0.0,0.0
4827000,17.6,9.2,17.2,26.2,230.0,23.4,16.4,54.9,11.6,13.0,12.7,29.5,85.5,31.7,14.0,-5.7,77.5,74.6,20.3,33.4,4.5,59.2,30.1,7600.0,33.2,76.6,19.5,68.1,5.8,21.1,599.4,46.0,0.0,0.0,0.0,0.0,1.0,0.0,0.0,0.0,0.0,0.0
4827684,5.6,9.4,20.7,19.2,199.2,3.9,11.6,72.5,6.4,9.4,7.7,22.6,98.3,25.3,1.6,41.4,80.6,82.4,6.4,27.4,4.2,57.5,16.8,4200.0,38.8,71.7,13.0,89.4,4.1,6.8,120.8,38.9,1.0,0.0,0.0,0.0,0.0,0.0,0.0,0.0,0.0,0.0
4829000,18.8,9.4,16.5,22.2,203.7,24.9,16.3,57.0,11.3,12.9,12.7,31.7,87.8,34.8,9.3,-6.5,79.0,61.4,12.4,32.7,7.2,60.4,29.4,6500.0,29.7,84.8,18.3,72.4,7.0,26.1,318.6,46.2,0.0,0.0,0.0,1.0,0.0,0.0,0.0,0.0,0.0,0.0
4830464,13.4,9.5,17.6,26.7,211.8,19.2,20.2,58.0,10.4,12.4,11.7,29.0,86.1,29.9,8.6,-0.7,77.9,77.5,10.6,33.1,6.3,46.8,28.2,5900.0,30.1,82.5,17.7,70.9,6.0,20.7,308.7,46.2,0.0,0.0,1.0,0.0,0.0,0.0,0.0,0.0,0.0,0.0
4835000,14.4,11.2,16.2,29.8,241.3,33.3,19.4,54.2,12.1,13.0,12.9,30.4,82.1,36.3,13.3,-9.4,78.4,61.5,23.9,32.6,6.6,54.6,29.5,9400.0,28.7,81.9,16.5,68.0,6.6,26.4,1143.0,53.8,0.0,0.0,0.0,0.0,0.0,1.0,0.0,0.0,0.0,0.0
4837000,12.3,9.5,17.7,19.3,208.4,21.3,15.5,58.8,9.4,12.1,11.1,27.0,92.5,31.7,9.0,-2.0,78.3,57.6,18.4,30.6,5.9,59.7,26.8,5900.0,29.8,86.1,16.6,70.3,5.0,23.2,236.6,43.3,0.0,0.0,1.0,0.0,0.0,0.0,0.0,0.0,0.0,0.0
4839148,20.6,8.5,19.6,26.1,234.6,19.5,17.8,58.5,9.1,13.6,11.2,28.3,81.2,34.2,5.2,-14.6,77.2,86.3,4.6,35.9,5.4,11.1,26.5,8500.0,30.3,85.7,20.5,72.6,9.9,13.1,805.8,27.9,0.0,0.0,1.0,0.0,0.0,0.0,0.0,0.0,0.0,0.0
4841980,9.1,10.0,20.8,20.6,164.5,8.6,10.6,69.7,8.1,10.3,9.4,27.8,95.7,22.1,2.8,30.5,80.9,83.8,5.1,31.2,4.8,19.4,20.1,4200.0,35.3,66.0,15.3,82.7,3.8,8.1,102.1,21.1,1.0,0.0,0.0,0.0,0.0,0.0,0.0,0.0,0.0,0.0
4842508,14.3,9.5,20.0,23.3,173.3,17.9,10.9,62.8,8.0,11.8,10.1,25.0,77.9,33.3,4.3,0.1,79.4,64.3,11.3,32.1,4.6,60.4,22.4,5800.0,32.2,81.8,17.8,65.3,4.3,20.3,273.6,37.0,0.0,1.0,0.0,0.0,0.0,0.0,0.0,0.0,0.0,0.0
4843888,16.5,9.2,17.3,22.7,261.4,24.9,19.1,55.8,12.2,13.6,13.8,34.5,93.4,32.7,12.7,-17.0,75.8,79.1,12.9,36.2,12.870783555584019,39.8,28.8,10400.0,32.4,65.6,19.8,69.9,5.7,22.7,481.8,29.8,0.0,0.0,0.0,0.0,0.0,1.0,0.0,0.0,0.0,0.0
4845000,14.8,7.5,18.6,22.2,245.2,22.0,15.9,52.2,9.7,13.1,11.8,29.6,83.8,34.6,12.7,-14.5,76.9,72.9,14.4,35.2,6.3,56.0,27.5,9100.0,29.7,65.3,17.9,69.4,4.8,16.7,643.9617863521765,38.0,0.0,0.0,0.0,0.0,0.0,1.0,0.0,0.0,0.0,0.0
4845384,16.9,8.9,14.5,19.8,179.7,36.6,10.3,54.1,12.8,12.0,13.3,30.4,89.9,34.1,6.8,-20.1,81.1,79.1,9.2,31.4,0.0,53.8,27.9,5000.0,27.8,31.8,13.9,78.1,7.6,30.5,150.2,42.1,0.0,0.0,0.0,0.0,0.0,1.0,0.0,0.0,0.0,0.0
4845744,10.0,9.2,19.8,21.9,180.7,8.8,14.8,65.7,7.7,11.0,9.5,25.0,96.2,29.2,3.6,19.1,80.6,76.6,9.5,29.4,4.1,49.8,21.2,5200.0,36.4,68.2,15.2,85.1,3.4,12.2,170.3,24.7,1.0,0.0,0.0,0.0,0.0,0.0,0.0,0.0,0.0,0.0
4847892,8.2,9.3,17.2,30.4,228.8,20.2,17.8,57.2,10.9,13.4,12.8,31.6,88.8,36.0,8.8,-8.7,77.7,70.7,9.7,34.3,7.4,43.7,28.8,7800.0,29.3,77.0,19.3,68.4,6.4,23.4,428.5,35.7,0.0,0.0,0.0,1.0,0.0,0.0,0.0,0.0,0.0,0.0
4848072,21.7,7.1,19.3,25.2,212.9,11.4,15.3,63.3,9.7,11.3,11.2,30.8,84.2,25.5,13.2,14.0,78.3,77.3,15.5,32.7,8.755104528542532,61.6,25.4,7000.0,32.7,63.7,16.3,64.1,3.8,21.2,294.4,40.6,0.0,0.0,1.0,0.0,0.0,0.0,0.0,0.0,0.0,0.0
4848804,9.6,10.8,16.1,23.1,210.4,8.0,19.2,67.8,11.2,9.8,9.8,32.1,92.2,23.7,4.2,21.1,79.8,86.0,18.2,32.0,4.760653099402006,46.5,22.1,6600.0,34.9,89.2,13.8,68.9,8.1,11.4,207.7,48.7,1.0,0.0,0.0,0.0,0.0,0.0,0.0,0.0,0.0,0.0
4853388,15.1,7.1,18.2,29.9,250.3,14.9,20.6,53.4,11.2,12.4,12.5,30.7,75.6,24.2,18.6,-0.9,76.3,70.0,10.2,34.6,5.4,57.7,31.6,8700.0,28.9,58.6,17.8,60.0,6.2,22.3,798.2,42.5,0.0,0.0,0.0,0.0,1.0,0.0,0.0,0.0,0.0,0.0
4856000,18.6,10.8,16.9,18.6,227.8,27.9,9.6,52.8,11.5,13.9,14.0,28.5,86.1,31.3,14.8,-12.3,77.1,57.9,20.4,32.3,7.6,53.9,31.4,6900.0,28.7,58.2,17.3,74.8,9.7,28.9,463.8,48.7,0.0,0.0,0.0,0.0,0.0,1.0,0.0,0.0,0.0,0.0
4856348,17.1,10.7,19.2,22.8,186.4,4.1,21.0,68.9,8.2,9.8,8.9,27.0,97.8,21.1,2.9,29.2,80.4,85.6,10.5,28.4,8.446307981172566,24.0,19.6,6000.0,34.2,86.8,14.0,85.6,3.7,6.5,277.4378908574541,48.7,1.0,0.0,0.0,0.0,0.0,0.0,0.0,0.0,0.0,0.0
4858016,7.1,9.5,17.7,18.4,156.9,8.7,10.5,68.4,8.3,9.8,8.9,26.3,96.3,25.8,4.0,22.3,81.6,65.4,10.5,26.5,4.6,75.1,20.2,4200.0,38.1,76.7,12.9,83.1,4.2,12.5,155.9,38.9,1.0,0.0,0.0,0.0,0.0,0.0,0.0,0.0,0.0,0.0
4861796,13.6,9.5,17.6,18.7,156.0,11.0,9.2,69.2,8.7,9.7,9.1,28.3,76.9,29.5,8.7,13.8,81.5,63.0,12.0,26.1,3.6,69.7,20.7,4300.0,36.4,79.0,12.9,84.3,5.0,16.3,178.1,42.9,0.0,1.0,0.0,0.0,0.0,0.0,0.0,0.0,0.0,0.0
4863500,11.7,9.1,21.8,23.1,215.2,11.5,17.7,66.3,7.8,11.0,9.7,26.2,92.0,28.8,2.9,12.0,79.2,84.3,5.8,33.2,1.272144672945629,81.2,21.5,5800.0,33.9,76.5,16.1,79.8,5.8,10.5,149.9,22.5,1.0,0.0,0.0,0.0,0.0,0.0,0.0,0.0,0.0,0.0
4864472,10.0,6.9,18.1,23.2,175.7,18.9,15.8,58.9,11.1,12.2,12.5,29.9,92.0,29.8,17.3,-13.3,77.7,84.8,10.1,30.9,10.940276289446778,44.3,27.0,7800.0,33.1,59.1,17.4,72.9,4.1,19.4,285.7,31.8,0.0,0.0,0.0,0.0,1.0,0.0,0.0,0.0,0.0,0.0
4865000,15.7,9.0,17.4,24.8,223.7,27.2,18.9,55.3,12.7,12.5,14.1,29.4,88.6,33.2,13.7,-12.7,78.0,75.8,16.7,37.8,6.8,40.6,30.2,8400.0,30.0,63.0,15.7,67.0,6.4,19.3,747.5,37.6,0.0,0.0,0.0,0.0,0.0,1.0,0.0,0.0,0.0,0.0
4870808,6.0,10.8,16.0,22.4,132.5,6.7,12.0,72.4,9.7,8.5,8.4,28.0,95.4,24.2,4.0,35.9,81.8,81.3,10.3,24.4,7.1,37.6,19.7,4300.0,37.2,83.6,11.7,89.3,4.8,9.9,82.9,24.3,1.0,0.0,0.0,0.0,0.0,0.0,0.0,0.0,0.0,0.0
4874144,15.4,9.0,16.5,20.9,217.8,27.4,14.8,51.8,12.1,12.9,13.0,33.4,92.9,33.8,14.9,-13.7,77.4,78.8,18.3,37.6,5.249246207993721,40.8,27.8,7900.0,31.2,72.2,18.4,65.2,6.6,20.6,455.1,35.5,0.0,0.0,0.0,0.0,0.0,1.0,0.0,0.0,0.0,0.0
4876000,15.6,9.0,16.4,25.0,267.6,34.0,20.8,54.0,11.6,15.0,13.7,31.3,86.0,39.9,17.3,-27.3,77.3,91.0,16.0,36.8,4.3,42.7,30.8,9500.0,27.6,70.3,20.1,57.7,6.1,19.5,528.1,34.2,0.0,0.0,0.0,0.0,0.0,0.0,0.0,1.0,0.0,0.0
4879000,19.1,7.8,18.2,20.6,255.2,29.2,23.4,59.4,11.7,13.4,12.8,32.0,97.6,31.5,20.6,-20.3,75.8,82.9,9.9,30.5,4.1,41.1,28.7,9200.0,31.0,66.7,21.2,69.4,5.0,18.4,356.1,29.8,0.0,0.0,0.0,0.0,0.0,0.0,1.0,0.0,0.0,0.0
4943660,14.0,8.1,10.1,26.4,249.1,9.5,13.3,74.4,7.6,11.5,10.3,23.1,94.9,22.8,6.4,6.2,79.6,82.2,5.9,28.8,16.0,30.7,18.1,5600.0,34.4,39.7,9.5,55.6,3.5,9.2,146.4,29.0,1.0,0.0,0.0,0.0,0.0,0.0,0.0,0.0,0.0,0.0
4955980,16.4,7.9,12.9,23.0,235.4,27.2,13.7,64.8,9.5,14.5,13.8,27.4,70.3,33.0,27.6,-19.8,77.0,64.7,14.1,36.1,26.5,79.5,26.2,10700.0,29.5,50.3,13.9,44.5,6.4,18.9,545.3,45.7,0.0,0.0,0.0,0.0,0.0,0.0,0.0,0.0,1.0,0.0
4965330,16.9,4.9,10.4,21.8,140.2,21.0,9.2,71.2,9.6,11.6,11.5,29.6,88.9,32.3,3.9,-8.0,81.3,87.5,6.9,24.0,22.1,48.7,18.1,7100.0,32.2,36.2,9.4,57.3,4.6,17.6,245.20634169464097,28.7,0.0,1.0,0.0,0.0,0.0,0.0,0.0,0.0,0.0,0.0
4967000,14.3,8.2,15.1,28.5,198.1,22.4,12.5,68.5,7.4,12.2,10.1,22.4,79.2,32.5,32.9,-7.2,78.4,46.6,16.2,25.8,27.5,81.5,16.9,8500.0,33.3,61.1,10.9,56.1,4.6,16.0,894.8,57.2,0.0,0.0,0.0,0.0,0.0,0.0,0.0,0.0,1.0,0.0
4967440,8.1,8.0,16.0,23.8,186.3,8.3,15.6,76.6,6.9,10.7,9.1,23.4,78.9,23.3,7.1,19.9,79.7,62.9,7.5,24.2,15.1,72.4,13.8,5800.0,36.4,41.7,9.7,64.1,3.4,8.5,233.0,49.4,1.0,0.0,0.0,0.0,0.0,0.0,0.0,0.0,0.0,0.0
4982950,24.1,8.2,17.1,32.4,165.3,9.4,10.3,71.4,6.1,12.4,9.4,20.0,87.8,26.0,4.3,7.4,79.1,65.4,4.8,25.9,16.6,56.1,15.5,6100.0,34.1,52.4,12.0,44.6,4.2,11.0,265.9,27.4,1.0,0.0,0.0,0.0,0.0,0.0,0.0,0.0,0.0,0.0
4983470,11.9,8.3,14.4,25.9,176.0,19.8,19.0,61.4,8.7,14.3,12.3,24.3,79.6,29.7,8.5,-4.6,77.6,53.5,5.8,29.2,17.4,55.6,21.5,7600.0,29.0,69.5,14.1,33.9,5.4,22.3,595.8,35.8,0.0,0.0,1.0,0.0,0.0,0.0,0.0,0.0,0.0,0.0
5010675,9.9,6.0,21.8,19.3,172.4,25.6,15.9,70.5,5.5,13.8,9.6,18.8,84.0,46.6,35.4,-18.6,80.0,60.4,6.8,21.9,21.2,83.8,15.9,7400.0,35.3,42.8,15.4,45.2,5.8,4.6,310.2,56.1,0.0,0.0,0.0,0.0,0.0,0.0,0.0,0.0,1.0,0.0
5101000,16.4,9.6,19.2,23.6,153.6,17.7,10.6,71.0,7.2,10.0,8.5,26.1,80.6,33.8,18.5,25.2,81.1,31.4,12.7,25.2,6.3,94.3,17.1,4500.0,42.4,78.5,13.5,74.2,3.9,14.7,173.0,59.9,0.0,0.0,0.0,1.0,0.0,0.0,0.0,0.0,0.0,0.0
5116000,11.6,8.1,16.6,24.9,197.1,15.5,16.2,72.5,10.3,11.7,10.8,32.9,93.2,34.4,8.7,7.7,78.1,76.1,12.7,32.8,15.6,41.8,22.6,7100.0,40.2,66.2,17.2,77.9,5.8,9.2,431.4,22.1,0.0,1.0,0.0,0.0,0.0,0.0,0.0,0.0,0.0,0.0
5135000,16.2,8.4,16.7,28.2,217.2,21.6,14.0,66.3,12.2,12.9,12.3,37.6,92.6,40.4,17.2,-11.0,76.1,72.9,11.5,35.3,16.1,14.6,24.4,8800.0,33.5,67.6,19.4,72.9,7.8,12.8,297.5,33.1,0.0,0.0,0.0,0.0,1.0,0.0,0.0,0.0,0.0,0.0
5147672,16.9,8.7,15.6,27.3,186.5,29.3,17.2,66.2,10.4,13.7,12.2,31.3,86.4,35.0,23.5,-21.6,77.2,71.6,14.2,29.9,7.8,34.1,24.7,7800.0,34.5,59.9,19.0,72.5,7.4,11.7,364.4,29.3,0.0,0.0,0.0,0.0,0.0,0.0,0.0,1.0,0.0,0.0
5156000,21.0,8.5,15.6,29.4,199.9,25.7,16.3,64.5,11.3,13.2,11.7,34.0,93.0,38.4,14.1,-13.1,76.5,66.1,14.9,33.6,14.6,27.9,23.4,8600.0,35.2,73.7,19.7,70.6,7.5,13.5,499.4,35.0,0.0,0.0,0.0,0.0,1.0,0.0,0.0,0.0,0.0,0.0
5157000,25.4,8.4,20.2,30.0,215.7,31.5,16.4,62.3,9.9,13.1,11.4,30.3,82.4,43.6,26.5,-16.7,75.5,65.2,18.0,32.7,21.4,73.9,22.6,9700.0,33.0,72.7,20.0,72.2,8.5,15.4,554.7,45.4,0.0,0.0,0.0,0.0,0.0,0.0,0.0,1.0,0.0,0.0
5164000,19.6,8.3,14.7,31.9,236.6,30.7,21.8,60.5,12.8,13.5,13.3,38.1,86.0,41.7,23.9,-17.5,73.8,68.7,21.3,36.6,22.3,46.8,28.0,11400.0,35.3,63.8,22.3,72.6,9.7,14.0,704.7,36.9,0.0,0.0,0.0,0.0,0.0,0.0,1.0,0.0,0.0,0.0
5167000,27.1,9.2,17.4,28.1,198.8,40.5,14.3,62.2,11.8,13.8,12.3,33.2,75.4,43.1,35.0,-19.1,75.3,66.8,27.2,32.6,25.7,77.1,26.3,9300.0,32.6,68.0,20.1,65.3,8.8,16.8,815.8415862583385,51.4,0.0,0.0,0.0,0.0,0.0,0.0,0.0,0.0,1.0,0.0
5168000,26.1,8.3,14.7,20.9,209.9,33.3,16.8,60.5,12.2,13.9,14.1,36.0,90.0,36.3,32.6,-23.7,75.0,67.1,20.8,33.7,21.5,61.5,27.3,10300.0,36.8,65.6,21.6,77.7,6.6,15.9,404.7,41.0,0.0,0.0,0.0,0.0,0.0,0.0,0.0,0.0,1.0,0.0
5176432,15.0,8.2,16.1,29.4,210.3,16.8,20.5,67.4,11.4,12.2,11.9,37.2,87.0,36.5,13.2,0.8,76.5,81.1,15.9,33.6,8.1,7.2,24.3,6700.0,37.1,63.7,19.1,77.7,6.7,9.3,314.7,15.5,0.0,0.0,1.0,0.0,0.0,0.0,0.0,0.0,0.0,0.0
5182000,15.7,8.0,20.1,23.8,168.2,11.4,15.0,74.0,8.8,11.4,10.1,29.5,93.3,36.3,8.2,7.9,78.5,62.2,8.9,27.7,13.4,64.0,20.6,5800.0,43.3,70.1,17.1,86.6,5.3,10.2,139.0,32.9,0.0,1.0,0.0,0.0,0.0,0.0,0.0,0.0,0.0,0.0
5303180,35.9,7.7,17.6,32.1,240.5,20.3,18.4,64.5,9.1,13.1,12.4,27.8,77.6,36.0,10.0,2.4,78.8,67.3,6.1,27.7,10.8,65.6,18.3,8400.0,35.6,75.2,16.2,59.9,6.4,10.8,497.3,30.9,0.0,0.0,1.0,0.0,0.0,0.0,0.0,0.0,0.0,0.0
5305210,12.9,7.9,16.6,23.3,107.3,8.2,11.4,76.7,7.3,8.3,7.9,24.7,91.1,30.5,10.7,31.1,84.1,64.8,5.8,19.8,4.5,87.8,12.3,3100.0,42.5,69.8,8.7,73.4,4.6,7.1,105.3,48.9,0.0,1.0,0.0,0.0,0.0,0.0,0.0,0.0,0.0,0.0
5305280,29.2,7.2,19.0,32.7,176.8,14.9,14.8,63.7,7.4,13.4,11.2,23.5,79.8,42.3,20.0,-16.6,81.0,61.3,3.6,27.6,11.7,91.6,15.3,6800.0,36.4,45.9,15.1,55.7,6.7,7.9,305.5,48.6,0.0,0.0,0.0,0.0,0.0,0.0,1.0,0.0,0.0,0.0
5322640,31.4,7.6,17.1,38.6,239.4,23.2,19.1,60.2,8.6,12.9,12.2,28.6,79.7,41.2,18.5,-8.8,78.2,54.4,7.7,31.4,26.0,62.4,19.8,10000.0,31.8,64.7,18.3,48.4,7.2,11.9,466.3,47.6,0.0,0.0,0.0,0.0,0.0,1.0,0.0,0.0,0.0,0.0
5323515,30.1,8.0,16.7,27.8,178.2,18.3,15.1,65.0,9.5,12.4,11.7,28.1,71.7,38.3,7.5,2.3,79.3,65.1,3.8,26.7,7.8,60.5,18.2,6300.0,35.9,83.7,14.7,40.9,6.3,12.9,468.2,36.6,0.0,0.0,1.0,0.0,0.0,0.0,0.0,0.0,0.0,0.0
5335275,22.3,9.2,17.8,21.5,212.1,24.6,16.9,63.2,10.1,13.6,13.6,29.4,77.2,30.9,11.8,-10.5,79.2,59.1,9.8,34.6,10.3,57.1,20.2,7200.0,29.8,55.0,18.3,48.1,6.6,13.0,273.2,33.5,0.0,0.0,0.0,1.0,0.0,0.0,0.0,0.0,0.0,0.0
5335415,30.9,7.7,16.8,27.7,196.2,21.2,14.8,62.1,9.2,13.1,12.2,27.2,48.6,39.7,8.1,1.8,79.8,66.2,7.2,27.4,10.0,71.4,19.1,6300.0,35.1,82.7,16.1,42.4,6.5,11.3,370.5,39.7,0.0,0.0,1.0,0.0,0.0,0.0,0.0,0.0,0.0,0.0
5357745,27.3,7.8,17.0,23.3,164.9,14.5,20.2,68.2,8.4,11.0,10.1,26.0,79.7,37.4,10.8,7.4,81.4,67.7,5.9,24.4,6.5,60.6,16.2,6000.0,37.5,85.1,13.1,46.6,4.6,10.7,333.0,38.7,0.0,0.0,1.0,0.0,0.0,0.0,0.0,0.0,0.0,0.0
5363000,20.7,8.0,18.8,18.2,143.8,13.4,12.2,73.2,7.1,10.0,8.6,23.4,78.3,35.0,28.8,14.5,81.2,34.8,12.0,22.7,14.7,95.9,13.0,5100.0,39.2,69.4,10.8,65.4,4.7,6.7,682.4,73.1,0.0,0.0,0.0,0.0,0.0,0.0,1.0,0.0,0.0,0.0
5367000,32.7,12.6,17.7,28.4,202.7,24.1,18.4,60.9,9.6,13.9,13.5,29.3,80.4,36.7,31.4,-17.9,77.6,58.5,5.8,30.6,13.7,82.3,19.9,9700.0,35.0,42.4,19.4,49.4,6.5,9.3,641.3,48.0,0.0,0.0,0.0,0.0,0.0,0.0,0.0,0.0,1.0,0.0
5367167,35.0,12.7,18.1,23.1,159.9,21.6,17.6,63.9,9.6,13.0,13.1,30.2,74.0,34.8,15.1,-13.9,77.8,75.2,5.1,30.1,8.5,22.0,19.0,6700.0,36.1,30.5,18.6,52.7,5.3,10.9,214.3,31.0,0.0,0.0,0.0,1.0,0.0,0.0,0.0,0.0,0.0,0.0
5370000,65.8,7.8,16.5,27.3,240.9,21.7,16.5,62.1,9.7,13.7,13.1,32.1,73.4,39.3,28.2,-9.6,77.6,54.7,7.9,32.6,17.0,69.8,20.4,9600.0,35.5,76.3,18.2,47.2,6.7,11.8,844.8,53.2,0.0,0.0,0.0,0.0,0.0,0.0,0.0,1.0,0.0,0.0
5374060,34.0,8.5,16.6,33.9,191.9,20.5,18.9,66.3,9.6,13.1,12.8,29.1,75.7,35.9,11.7,-6.2,78.6,65.9,5.2,31.1,14.6,70.5,18.8,8700.0,34.6,56.2,17.5,48.0,7.1,11.5,383.6,41.5,0.0,0.0,0.0,1.0,0.0,0.0,0.0,0.0,0.0,0.0
5380010,26.4,8.4,15.4,23.5,189.4,31.4,17.8,57.4,11.0,14.9,15.5,30.0,66.8,35.2,24.0,-19.7,78.2,59.0,15.0,33.9,10.7,64.9,24.7,8900.0,30.0,56.9,18.8,34.4,7.9,18.8,635.3,49.8,0.0,0.0,0.0,0.0,0.0,0.0,0.0,1.0,0.0,0.0
5414600,25.7,9.0,12.5,21.2,231.8,32.6,19.4,62.0,13.5,14.5,15.6,39.5,82.4,27.5,31.4,-13.0,75.9,78.1,15.4,37.0,71.4,26.7,25.3,13600.0,43.8,40.5,21.8,46.9,6.3,9.6,1139.2,31.9,0.0,0.0,0.0,0.0,0.0,0.0,0.0,0.0,1.0,0.0
5502375,10.9,9.2,24.0,23.1,192.8,16.3,13.9,74.1,8.3,11.9,10.9,27.0,86.4,26.3,24.7,-6.3,79.80282760963419,70.1,8.4,30.2,13.3,65.8,19.1,6500.0,32.4,37.9,17.9,32.6,3.4,7.0,276.4,40.0,0.0,0.0,0.0,0.0,0.0,1.0,0.0,0.0,0.0,0.0
5531000,22.6,9.0,25.5,29.3,241.9,24.3,14.2,67.4,9.6,13.3,12.7,29.9,84.8,30.4,23.8,-18.4,78.12776787742132,72.7,11.7,34.0,11.7,74.2,23.5,8300.0,27.9,54.2,20.6,24.9,5.0,9.7,474.5,41.0,0.0,0.0,0.0,0.0,0.0,0.0,1.0,0.0,0.0,0.0
5539225,23.5,10.0,24.4,17.1,229.7,28.5,15.9,64.7,9.2,13.2,12.3,28.8,88.3,36.7,27.2,-13.8,78.3071292079044,73.9,10.7,32.3,30.0,80.8,22.6,8500.0,29.8,54.4,20.7,27.9,8.9,9.8,401.5,45.8,0.0,0.0,0.0,0.0,0.0,0.0,0.0,1.0,0.0,0.0
5548000,23.0,9.4,27.4,17.9,133.7,16.5,8.4,72.8,6.3,11.7,9.0,21.5,87.4,36.2,18.9,-3.9,80.85323997840041,64.3,10.5,26.1,19.1,92.2,15.6,5700.0,33.1,55.5,14.5,30.2,4.1,5.8,389.4,48.7,0.0,0.0,0.0,0.0,0.0,1.0,0.0,0.0,0.0,0.0
5566000,36.4,10.0,21.7,20.1,232.6,29.8,16.0,62.6,11.0,14.0,14.1,32.8,69.8,36.9,40.1,-22.4,76.68111152806479,72.7,11.7,37.4,20.1,92.3,25.4,10500.0,28.3,70.3,21.4,17.9,8.5,10.5,667.3,54.3,0.0,0.0,0.0,0.0,0.0,0.0,0.0,0.0,0.0,1.0
5584250,13.0,10.0,24.9,20.0,176.7,15.3,13.2,73.0,7.7,11.5,10.4,26.1,85.6,29.8,18.2,-2.7,80.30494529977283,83.2,8.9,28.9,16.6,83.3,18.2,6000.0,32.4,40.4,17.2,31.6,3.8,6.7,165.2,35.9,0.0,0.0,0.0,1.0,0.0,0.0,0.0,0.0,0.0,0.0
5613900,19.9,5.0,16.4,30.3,185.7,12.2,11.9,69.2,8.7,11.7,11.4,29.9,78.6,28.1,20.7,-4.2,80.7,78.4,7.6,29.2,6.0,68.6,23.7,8800.0,32.8,44.1,19.7,57.8,5.9,10.3,332.4,38.3,0.0,0.0,0.0,1.0,0.0,0.0,0.0,0.0,0.0,0.0
